	15.0	16.0	17.0	18.0	19.0	20.0	21.0	22.0	23.0	24.0	25.0	26.0	27.0	28.0	29.0	30.0	31.0	32.0	33.0	34.0	35.0	36.0	37.0
T001FX_S219_L001_R1_001	3.0	3.0	11.0	35.0	273.0	1467.0	6650.0	12764.0	19147.0	27646.0	38300.0	45164.0	50265.0	54138.0	61294.0	69469.0	82997.0	93454.0	114258.0	154333.0	296844.0	1447693.0	224420.0
	16.0	17.0	18.0	19.0	20.0	21.0	22.0	23.0	24.0	25.0	26.0	27.0	28.0	29.0	30.0	31.0	32.0	33.0	34.0	35.0	36.0	37.0
T001FX_S219_L002_R1_001	4.0	17.0	46.0	230.0	1472.0	6692.0	12984.0	19243.0	28076.0	39014.0	45950.0	51480.0	54816.0	62846.0	70675.0	84286.0	95280.0	116582.0	156422.0	302545.0	1442255.0	211488.0
	15.0	16.0	17.0	18.0	19.0	20.0	21.0	22.0	23.0	24.0	25.0	26.0	27.0	28.0	29.0	30.0	31.0	32.0	33.0	34.0	35.0	36.0	37.0
T001F_S100_L001_R1_001	1.0	6.0	28.0	61.0	377.0	2009.0	7604.0	14434.0	22406.0	32453.0	45644.0	54034.0	61255.0	67941.0	80078.0	90348.0	106797.0	120060.0	141604.0	187903.0	347291.0	1610815.0	243498.0
	16.0	17.0	18.0	19.0	20.0	21.0	22.0	23.0	24.0	25.0	26.0	27.0	28.0	29.0	30.0	31.0	32.0	33.0	34.0	35.0	36.0	37.0
T001F_S100_L002_R1_001	8.0	28.0	91.0	353.0	1958.0	7669.0	14972.0	22505.0	33015.0	46041.0	55532.0	63368.0	68893.0	81395.0	92487.0	109415.0	121710.0	145361.0	190193.0	354525.0	1607672.0	227967.0
	14.0	15.0	16.0	17.0	18.0	19.0	20.0	21.0	22.0	23.0	24.0	25.0	26.0	27.0	28.0	29.0	30.0	31.0	32.0	33.0	34.0	35.0	36.0	37.0
T001G_S112_L001_R1_001	1.0	4.0	12.0	36.0	104.0	284.0	1332.0	5079.0	10299.0	16208.0	24311.0	35138.0	43248.0	51843.0	59331.0	71665.0	81740.0	97698.0	110184.0	130925.0	173307.0	330977.0	1555751.0	234573.0
	15.0	16.0	17.0	18.0	19.0	20.0	21.0	22.0	23.0	24.0	25.0	26.0	27.0	28.0	29.0	30.0	31.0	32.0	33.0	34.0	35.0	36.0	37.0
T001G_S112_L002_R1_001	2.0	10.0	29.0	79.0	284.0	1325.0	5181.0	10495.0	16487.0	24961.0	36227.0	44398.0	53293.0	60881.0	73071.0	84196.0	99827.0	112145.0	134009.0	176223.0	338946.0	1553336.0	220514.0
	15.0	16.0	17.0	18.0	19.0	20.0	21.0	22.0	23.0	24.0	25.0	26.0	27.0	28.0	29.0	30.0	31.0	32.0	33.0	34.0	35.0	36.0	37.0
T002FX_S220_L001_R1_001	3.0	3.0	13.0	44.0	305.0	1934.0	7205.0	13399.0	22557.0	33696.0	45300.0	50767.0	54742.0	57595.0	65898.0	72123.0	84238.0	92153.0	108742.0	144590.0	271184.0	1259699.0	191983.0
	16.0	17.0	18.0	19.0	20.0	21.0	22.0	23.0	24.0	25.0	26.0	27.0	28.0	29.0	30.0	31.0	32.0	33.0	34.0	35.0	36.0	37.0
T002FX_S220_L002_R1_001	2.0	15.0	57.0	299.0	1884.0	7301.0	14001.0	22993.0	34367.0	46144.0	52440.0	55639.0	59433.0	67168.0	74357.0	85613.0	94316.0	111816.0	147638.0	277894.0	1260696.0	180059.0
	15.0	16.0	17.0	18.0	19.0	20.0	21.0	22.0	23.0	24.0	25.0	26.0	27.0	28.0	29.0	30.0	31.0	32.0	33.0	34.0	35.0	36.0	37.0
T002F_S101_L001_R1_001	2.0	10.0	33.0	87.0	333.0	1672.0	6618.0	13293.0	23136.0	36557.0	52103.0	63479.0	74308.0	83971.0	99467.0	110914.0	129256.0	136118.0	156578.0	201970.0	378389.0	1587320.0	224350.0
	14.0	15.0	16.0	17.0	18.0	19.0	20.0	21.0	22.0	23.0	24.0	25.0	26.0	27.0	28.0	29.0	30.0	31.0	32.0	33.0	34.0	35.0	36.0	37.0
T002F_S101_L002_R1_001	1.0	2.0	12.0	34.0	81.0	300.0	1715.0	6728.0	13370.0	23494.0	37053.0	53491.0	64902.0	75746.0	86016.0	101817.0	113230.0	131175.0	138516.0	158761.0	204818.0	385647.0	1589554.0	209329.0
	15.0	16.0	17.0	18.0	19.0	20.0	21.0	22.0	23.0	24.0	25.0	26.0	27.0	28.0	29.0	30.0	31.0	32.0	33.0	34.0	35.0	36.0	37.0
T002G_S113_L001_R1_001	2.0	7.0	23.0	32.0	150.0	819.0	3509.0	7256.0	11998.0	17917.0	25471.0	31485.0	37854.0	44046.0	53318.0	61747.0	73847.0	84233.0	100887.0	134366.0	258236.0	1187414.0	180293.0
	16.0	17.0	18.0	19.0	20.0	21.0	22.0	23.0	24.0	25.0	26.0	27.0	28.0	29.0	30.0	31.0	32.0	33.0	34.0	35.0	36.0	37.0
T002G_S113_L002_R1_001	5.0	18.0	40.0	145.0	872.0	3569.0	7547.0	12071.0	18385.0	25772.0	32466.0	39015.0	45201.0	54206.0	62791.0	75919.0	86352.0	102846.0	135494.0	262789.0	1185724.0	168651.0
	15.0	16.0	17.0	18.0	19.0	20.0	21.0	22.0	23.0	24.0	25.0	26.0	27.0	28.0	29.0	30.0	31.0	32.0	33.0	34.0	35.0	36.0	37.0
T003FX_S221_L001_R1_001	3.0	7.0	31.0	60.0	256.0	1387.0	6162.0	13599.0	24026.0	39678.0	57758.0	67359.0	72583.0	76380.0	87918.0	96569.0	109894.0	116604.0	132011.0	169665.0	310282.0	1478695.0	233784.0
	15.0	16.0	17.0	18.0	19.0	20.0	21.0	22.0	23.0	24.0	25.0	26.0	27.0	28.0	29.0	30.0	31.0	32.0	33.0	34.0	35.0	36.0	37.0
T003FX_S221_L002_R1_001	4.0	12.0	36.0	64.0	231.0	1399.0	6217.0	13609.0	24731.0	40334.0	58858.0	68804.0	74203.0	78154.0	89600.0	98672.0	112130.0	118392.0	134229.0	172705.0	316574.0	1477831.0	219141.0
	16.0	17.0	18.0	19.0	20.0	21.0	22.0	23.0	24.0	25.0	26.0	27.0	28.0	29.0	30.0	31.0	32.0	33.0	34.0	35.0	36.0	37.0
T003F_S102_L001_R1_001	4.0	25.0	63.0	259.0	1545.0	6584.0	12714.0	17246.0	22523.0	29199.0	33826.0	40040.0	45370.0	53858.0	61732.0	75833.0	87924.0	107920.0	147521.0	304756.0	1514748.0	220954.0
	14.0	15.0	16.0	17.0	18.0	19.0	20.0	21.0	22.0	23.0	24.0	25.0	26.0	27.0	28.0	29.0	30.0	31.0	32.0	33.0	34.0	35.0	36.0	37.0
T003F_S102_L002_R1_001	1.0	1.0	7.0	21.0	59.0	259.0	1428.0	6730.0	13170.0	17484.0	23139.0	30155.0	34741.0	40854.0	46049.0	54938.0	63901.0	77556.0	89902.0	110513.0	150365.0	312285.0	1510485.0	206224.0
	15.0	16.0	17.0	18.0	19.0	20.0	21.0	22.0	23.0	24.0	25.0	26.0	27.0	28.0	29.0	30.0	31.0	32.0	33.0	34.0	35.0	36.0	37.0
T003G_S114_L001_R1_001	11.0	16.0	45.0	100.0	284.0	1259.0	5759.0	11299.0	17920.0	25563.0	34592.0	40277.0	45230.0	50411.0	60043.0	67779.0	82061.0	93152.0	112067.0	151324.0	300296.0	1380378.0	192922.0
	15.0	16.0	17.0	18.0	19.0	20.0	21.0	22.0	23.0	24.0	25.0	26.0	27.0	28.0	29.0	30.0	31.0	32.0	33.0	34.0	35.0	36.0	37.0
T003G_S114_L002_R1_001	2.0	21.0	40.0	116.0	284.0	1328.0	5543.0	11715.0	17922.0	26099.0	35277.0	41680.0	46793.0	51259.0	60768.0	69153.0	83948.0	93986.0	113590.0	153434.0	306536.0	1370847.0	178972.0
	15.0	16.0	17.0	18.0	19.0	20.0	21.0	22.0	23.0	24.0	25.0	26.0	27.0	28.0	29.0	30.0	31.0	32.0	33.0	34.0	35.0	36.0	37.0
T004FX_S222_L001_R1_001	1.0	2.0	13.0	77.0	449.0	3607.0	11637.0	19053.0	30977.0	43294.0	55501.0	59676.0	62403.0	64575.0	74134.0	83878.0	99960.0	112004.0	137198.0	183390.0	351385.0	1748649.0	282827.0
	15.0	16.0	17.0	18.0	19.0	20.0	21.0	22.0	23.0	24.0	25.0	26.0	27.0	28.0	29.0	30.0	31.0	32.0	33.0	34.0	35.0	36.0	37.0
T004FX_S222_L002_R1_001	1.0	3.0	26.0	61.0	482.0	3558.0	11858.0	19449.0	31778.0	44285.0	56128.0	60868.0	64011.0	66618.0	75279.0	85761.0	101374.0	114806.0	140052.0	186216.0	358332.0	1751052.0	264080.0
	15.0	16.0	17.0	18.0	19.0	20.0	21.0	22.0	23.0	24.0	25.0	26.0	27.0	28.0	29.0	30.0	31.0	32.0	33.0	34.0	35.0	36.0	37.0
T004F_S103_L001_R1_001	2.0	5.0	6.0	42.0	182.0	1026.0	5408.0	11958.0	16769.0	22304.0	29037.0	33782.0	39472.0	45063.0	53845.0	61805.0	76272.0	87806.0	108205.0	148293.0	295905.0	1453913.0	213743.0
	16.0	17.0	18.0	19.0	20.0	21.0	22.0	23.0	24.0	25.0	26.0	27.0	28.0	29.0	30.0	31.0	32.0	33.0	34.0	35.0	36.0	37.0
T004F_S103_L002_R1_001	7.0	16.0	47.0	189.0	1013.0	5389.0	12090.0	17193.0	22526.0	29442.0	34916.0	40817.0	46286.0	54689.0	63417.0	77606.0	90498.0	110752.0	150531.0	303707.0	1451605.0	198796.0
	16.0	17.0	18.0	19.0	20.0	21.0	22.0	23.0	24.0	25.0	26.0	27.0	28.0	29.0	30.0	31.0	32.0	33.0	34.0	35.0	36.0	37.0
T004G_S115_L001_R1_001	8.0	18.0	55.0	240.0	1192.0	4730.0	8916.0	12614.0	17549.0	23970.0	29347.0	35274.0	40414.0	47857.0	54083.0	65791.0	76678.0	93643.0	126580.0	250298.0	1191349.0	176285.0
	15.0	16.0	17.0	18.0	19.0	20.0	21.0	22.0	23.0	24.0	25.0	26.0	27.0	28.0	29.0	30.0	31.0	32.0	33.0	34.0	35.0	36.0	37.0
T004G_S115_L002_R1_001	1.0	3.0	24.0	53.0	185.0	1134.0	4641.0	8996.0	12717.0	17729.0	24678.0	30350.0	36199.0	41515.0	48908.0	55529.0	67123.0	77943.0	95299.0	128429.0	255027.0	1188710.0	164697.0
	14.0	15.0	16.0	17.0	18.0	19.0	20.0	21.0	22.0	23.0	24.0	25.0	26.0	27.0	28.0	29.0	30.0	31.0	32.0	33.0	34.0	35.0	36.0	37.0
T005FX_S223_L001_R1_001	1.0	1.0	2.0	18.0	51.0	229.0	1505.0	6736.0	14762.0	27725.0	46217.0	66060.0	78101.0	85328.0	91681.0	105651.0	115302.0	129209.0	133174.0	148599.0	188092.0	340109.0	1515171.0	229150.0
	16.0	17.0	18.0	19.0	20.0	21.0	22.0	23.0	24.0	25.0	26.0	27.0	28.0	29.0	30.0	31.0	32.0	33.0	34.0	35.0	36.0	37.0
T005FX_S223_L002_R1_001	3.0	19.0	51.0	240.0	1502.0	6748.0	15130.0	27885.0	46675.0	67832.0	80313.0	88591.0	93664.0	108495.0	118464.0	131255.0	135795.0	151640.0	190965.0	346640.0	1517309.0	215031.0
	15.0	16.0	17.0	18.0	19.0	20.0	21.0	22.0	23.0	24.0	25.0	26.0	27.0	28.0	29.0	30.0	31.0	32.0	33.0	34.0	35.0	36.0	37.0
T005F_S104_L001_R1_001	3.0	12.0	22.0	49.0	215.0	1200.0	5092.0	11047.0	16455.0	22979.0	31908.0	37636.0	42254.0	46734.0	56040.0	63309.0	74932.0	83045.0	98789.0	131293.0	257724.0	1234762.0	182754.0
	15.0	16.0	17.0	18.0	19.0	20.0	21.0	22.0	23.0	24.0	25.0	26.0	27.0	28.0	29.0	30.0	31.0	32.0	33.0	34.0	35.0	36.0	37.0
T005F_S104_L002_R1_001	3.0	3.0	14.0	64.0	227.0	1153.0	5126.0	11192.0	16870.0	24081.0	32850.0	38478.0	43008.0	47802.0	57372.0	64980.0	76033.0	85017.0	100736.0	132657.0	262948.0	1231669.0	170494.0
	15.0	16.0	17.0	18.0	19.0	20.0	21.0	22.0	23.0	24.0	25.0	26.0	27.0	28.0	29.0	30.0	31.0	32.0	33.0	34.0	35.0	36.0	37.0
T005G_S116_L001_R1_001	5.0	9.0	49.0	124.0	303.0	1147.0	4827.0	10725.0	16260.0	24012.0	33817.0	41593.0	48301.0	55620.0	69314.0	80617.0	96411.0	109906.0	131847.0	176418.0	346118.0	1701956.0	262172.0
	15.0	16.0	17.0	18.0	19.0	20.0	21.0	22.0	23.0	24.0	25.0	26.0	27.0	28.0	29.0	30.0	31.0	32.0	33.0	34.0	35.0	36.0	37.0
T005G_S116_L002_R1_001	2.0	13.0	42.0	107.0	283.0	1097.0	4769.0	10930.0	16757.0	24381.0	34768.0	42768.0	49368.0	56726.0	71092.0	82629.0	98993.0	112893.0	135150.0	179647.0	353981.0	1708917.0	245770.0
	15.0	16.0	17.0	18.0	19.0	20.0	21.0	22.0	23.0	24.0	25.0	26.0	27.0	28.0	29.0	30.0	31.0	32.0	33.0	34.0	35.0	36.0	37.0
T006FX_S224_L001_R1_001	1.0	4.0	22.0	82.0	278.0	1481.0	6571.0	16484.0	31723.0	56087.0	87972.0	109111.0	120192.0	127171.0	146862.0	156799.0	169745.0	166569.0	177231.0	216884.0	371051.0	1576142.0	237929.0
	15.0	16.0	17.0	18.0	19.0	20.0	21.0	22.0	23.0	24.0	25.0	26.0	27.0	28.0	29.0	30.0	31.0	32.0	33.0	34.0	35.0	36.0	37.0
T006FX_S224_L002_R1_001	3.0	9.0	23.0	86.0	287.0	1534.0	6626.0	16545.0	32150.0	56739.0	90213.0	111948.0	123283.0	130723.0	149486.0	161072.0	173410.0	169198.0	180482.0	219052.0	378752.0	1577063.0	222964.0
	14.0	15.0	16.0	17.0	18.0	19.0	20.0	21.0	22.0	23.0	24.0	25.0	26.0	27.0	28.0	29.0	30.0	31.0	32.0	33.0	34.0	35.0	36.0	37.0
T006F_S105_L001_R1_001	1.0	4.0	6.0	27.0	61.0	207.0	1143.0	5790.0	13840.0	21752.0	32578.0	45928.0	55716.0	62961.0	69748.0	81240.0	89433.0	101396.0	108227.0	124595.0	160484.0	304128.0	1310838.0	182066.0
	15.0	16.0	17.0	18.0	19.0	20.0	21.0	22.0	23.0	24.0	25.0	26.0	27.0	28.0	29.0	30.0	31.0	32.0	33.0	34.0	35.0	36.0	37.0
T006F_S105_L002_R1_001	3.0	7.0	25.0	52.0	227.0	1124.0	5712.0	13844.0	22227.0	33330.0	47245.0	57140.0	65044.0	71348.0	83899.0	90343.0	103295.0	109816.0	126104.0	163316.0	311247.0	1307791.0	169257.0
	15.0	16.0	17.0	18.0	19.0	20.0	21.0	22.0	23.0	24.0	25.0	26.0	27.0	28.0	29.0	30.0	31.0	32.0	33.0	34.0	35.0	36.0	37.0
T006G_S117_L001_R1_001	3.0	18.0	46.0	112.0	282.0	936.0	4124.0	10288.0	16721.0	26382.0	40352.0	50711.0	58945.0	66554.0	78654.0	88014.0	103819.0	115098.0	136476.0	182389.0	353529.0	1609519.0	236730.0
	15.0	16.0	17.0	18.0	19.0	20.0	21.0	22.0	23.0	24.0	25.0	26.0	27.0	28.0	29.0	30.0	31.0	32.0	33.0	34.0	35.0	36.0	37.0
T006G_S117_L002_R1_001	1.0	15.0	39.0	88.0	280.0	918.0	4116.0	10508.0	16819.0	27013.0	41327.0	51885.0	60739.0	68444.0	80321.0	89425.0	105908.0	117265.0	138871.0	185759.0	360188.0	1610246.0	222754.0
	15.0	16.0	17.0	18.0	19.0	20.0	21.0	22.0	23.0	24.0	25.0	26.0	27.0	28.0	29.0	30.0	31.0	32.0	33.0	34.0	35.0	36.0	37.0
T007FX_S225_L001_R1_001	1.0	8.0	10.0	46.0	223.0	1071.0	5008.0	10626.0	15879.0	22321.0	29512.0	34174.0	38224.0	42224.0	49698.0	55799.0	65265.0	73740.0	90610.0	124879.0	260115.0	1337008.0	205061.0
	16.0	17.0	18.0	19.0	20.0	21.0	22.0	23.0	24.0	25.0	26.0	27.0	28.0	29.0	30.0	31.0	32.0	33.0	34.0	35.0	36.0	37.0
T007FX_S225_L002_R1_001	2.0	15.0	45.0	228.0	1117.0	5089.0	11018.0	16403.0	22706.0	30531.0	35202.0	39580.0	42812.0	50845.0	56590.0	66609.0	75543.0	92533.0	127310.0	265283.0	1334502.0	191237.0
	15.0	16.0	17.0	18.0	19.0	20.0	21.0	22.0	23.0	24.0	25.0	26.0	27.0	28.0	29.0	30.0	31.0	32.0	33.0	34.0	35.0	36.0	37.0
T007F_S106_L001_R1_001	2.0	5.0	24.0	65.0	434.0	2795.0	10094.0	16476.0	22967.0	31061.0	40179.0	45870.0	52592.0	57838.0	67979.0	76903.0	92857.0	105088.0	127182.0	169353.0	335938.0	1668507.0	242413.0
	16.0	17.0	18.0	19.0	20.0	21.0	22.0	23.0	24.0	25.0	26.0	27.0	28.0	29.0	30.0	31.0	32.0	33.0	34.0	35.0	36.0	37.0
T007F_S106_L002_R1_001	4.0	20.0	77.0	409.0	2746.0	10338.0	16879.0	23429.0	31370.0	40635.0	47067.0	53609.0	58762.0	68976.0	78095.0	93966.0	107817.0	128782.0	173045.0	342301.0	1667025.0	225337.0
	15.0	16.0	17.0	18.0	19.0	20.0	21.0	22.0	23.0	24.0	25.0	26.0	27.0	28.0	29.0	30.0	31.0	32.0	33.0	34.0	35.0	36.0	37.0
T007G_S118_L001_R1_001	1.0	7.0	19.0	59.0	181.0	855.0	3781.0	7782.0	11550.0	16014.0	21433.0	26451.0	31949.0	37721.0	46426.0	54187.0	67049.0	78178.0	97744.0	134409.0	270913.0	1209513.0	166494.0
	15.0	16.0	17.0	18.0	19.0	20.0	21.0	22.0	23.0	24.0	25.0	26.0	27.0	28.0	29.0	30.0	31.0	32.0	33.0	34.0	35.0	36.0	37.0
T007G_S118_L002_R1_001	1.0	5.0	18.0	54.0	177.0	929.0	3801.0	8134.0	12082.0	16109.0	22167.0	27308.0	32661.0	38466.0	47536.0	55188.0	67774.0	80110.0	99926.0	136589.0	277024.0	1205489.0	154364.0
	15.0	16.0	17.0	18.0	19.0	20.0	21.0	22.0	23.0	24.0	25.0	26.0	27.0	28.0	29.0	30.0	31.0	32.0	33.0	34.0	35.0	36.0	37.0
T008FX_S226_L001_R1_001	1.0	2.0	15.0	56.0	242.0	1537.0	6943.0	14771.0	25222.0	40332.0	56701.0	63600.0	67345.0	71614.0	79832.0	84039.0	93617.0	97218.0	110226.0	140096.0	248484.0	1151190.0	179510.0
	15.0	16.0	17.0	18.0	19.0	20.0	21.0	22.0	23.0	24.0	25.0	26.0	27.0	28.0	29.0	30.0	31.0	32.0	33.0	34.0	35.0	36.0	37.0
T008FX_S226_L002_R1_001	1.0	1.0	15.0	39.0	229.0	1559.0	6978.0	14937.0	25759.0	40690.0	57550.0	65897.0	70273.0	73502.0	81003.0	85873.0	96522.0	99388.0	112535.0	141940.0	253841.0	1149603.0	168787.0
	15.0	16.0	17.0	18.0	19.0	20.0	21.0	22.0	23.0	24.0	25.0	26.0	27.0	28.0	29.0	30.0	31.0	32.0	33.0	34.0	35.0	36.0	37.0
T008F_S107_L001_R1_001	1.0	10.0	20.0	93.0	308.0	1447.0	6690.0	16532.0	24260.0	33824.0	47556.0	57899.0	68072.0	77955.0	93231.0	104714.0	122210.0	134252.0	156205.0	203212.0	390255.0	1819521.0	251443.0
	15.0	16.0	17.0	18.0	19.0	20.0	21.0	22.0	23.0	24.0	25.0	26.0	27.0	28.0	29.0	30.0	31.0	32.0	33.0	34.0	35.0	36.0	37.0
T008F_S107_L002_R1_001	1.0	8.0	23.0	75.0	301.0	1414.0	6790.0	16565.0	25044.0	34606.0	48628.0	59347.0	69328.0	79915.0	94590.0	106768.0	124628.0	136315.0	159111.0	208129.0	399809.0	1818044.0	235154.0
	15.0	16.0	17.0	18.0	19.0	20.0	21.0	22.0	23.0	24.0	25.0	26.0	27.0	28.0	29.0	30.0	31.0	32.0	33.0	34.0	35.0	36.0	37.0
T008G_S119_L001_R1_001	2.0	11.0	32.0	77.0	326.0	1547.0	5975.0	11429.0	18050.0	27358.0	39559.0	49697.0	58938.0	68884.0	83091.0	95430.0	116188.0	132410.0	158254.0	212374.0	408669.0	1956805.0	302845.0
	15.0	16.0	17.0	18.0	19.0	20.0	21.0	22.0	23.0	24.0	25.0	26.0	27.0	28.0	29.0	30.0	31.0	32.0	33.0	34.0	35.0	36.0	37.0
T008G_S119_L002_R1_001	2.0	12.0	39.0	106.0	293.0	1530.0	6011.0	11627.0	18405.0	27935.0	40289.0	50857.0	60904.0	70490.0	84702.0	97589.0	118569.0	135575.0	161724.0	215457.0	418910.0	1961121.0	284879.0
	15.0	16.0	17.0	18.0	19.0	20.0	21.0	22.0	23.0	24.0	25.0	26.0	27.0	28.0	29.0	30.0	31.0	32.0	33.0	34.0	35.0	36.0	37.0
T009FX_S227_L001_R1_001	2.0	4.0	15.0	65.0	283.0	1960.0	8762.0	17988.0	30421.0	48269.0	70698.0	85582.0	94413.0	100435.0	112880.0	121513.0	132621.0	134619.0	148405.0	184401.0	319237.0	1413039.0	222335.0
	16.0	17.0	18.0	19.0	20.0	21.0	22.0	23.0	24.0	25.0	26.0	27.0	28.0	29.0	30.0	31.0	32.0	33.0	34.0	35.0	36.0	37.0
T009FX_S227_L002_R1_001	6.0	15.0	49.0	288.0	2065.0	8941.0	18259.0	30939.0	49097.0	72588.0	88064.0	97784.0	102932.0	115556.0	123667.0	135852.0	137929.0	152304.0	186902.0	324559.0	1417009.0	208638.0
	15.0	16.0	17.0	18.0	19.0	20.0	21.0	22.0	23.0	24.0	25.0	26.0	27.0	28.0	29.0	30.0	31.0	32.0	33.0	34.0	35.0	36.0	37.0
T009F_S108_L001_R1_001	3.0	4.0	20.0	70.0	336.0	1839.0	6635.0	13499.0	24034.0	38980.0	56779.0	68876.0	80510.0	91279.0	110093.0	119890.0	133379.0	138404.0	154611.0	195470.0	347057.0	1436831.0	205716.0
	15.0	16.0	17.0	18.0	19.0	20.0	21.0	22.0	23.0	24.0	25.0	26.0	27.0	28.0	29.0	30.0	31.0	32.0	33.0	34.0	35.0	36.0	37.0
T009F_S108_L002_R1_001	2.0	7.0	26.0	75.0	349.0	1735.0	6643.0	13655.0	24504.0	39634.0	58206.0	71099.0	82629.0	93176.0	112118.0	122861.0	136478.0	141000.0	158688.0	198476.0	354260.0	1439339.0	193783.0
	14.0	15.0	16.0	17.0	18.0	19.0	20.0	21.0	22.0	23.0	24.0	25.0	26.0	27.0	28.0	29.0	30.0	31.0	32.0	33.0	34.0	35.0	36.0	37.0
T009G_S120_L001_R1_001	2.0	2.0	16.0	37.0	127.0	301.0	949.0	3685.0	8945.0	14694.0	22185.0	33003.0	42776.0	52835.0	63012.0	77069.0	86501.0	100327.0	112376.0	133108.0	176599.0	346296.0	1637738.0	239277.0
	15.0	16.0	17.0	18.0	19.0	20.0	21.0	22.0	23.0	24.0	25.0	26.0	27.0	28.0	29.0	30.0	31.0	32.0	33.0	34.0	35.0	36.0	37.0
T009G_S120_L002_R1_001	2.0	10.0	34.0	124.0	340.0	1039.0	3756.0	9125.0	15315.0	22974.0	34082.0	44106.0	54787.0	64752.0	78915.0	87730.0	102520.0	114675.0	135941.0	179704.0	352350.0	1638154.0	224005.0
	15.0	16.0	17.0	18.0	19.0	20.0	21.0	22.0	23.0	24.0	25.0	26.0	27.0	28.0	29.0	30.0	31.0	32.0	33.0	34.0	35.0	36.0	37.0
T010FX_S228_L001_R1_001	3.0	5.0	9.0	64.0	320.0	1884.0	6724.0	12376.0	20979.0	32264.0	44753.0	51259.0	55816.0	58321.0	66225.0	73371.0	84756.0	92750.0	109707.0	144045.0	260196.0	1257613.0	204812.0
	15.0	16.0	17.0	18.0	19.0	20.0	21.0	22.0	23.0	24.0	25.0	26.0	27.0	28.0	29.0	30.0	31.0	32.0	33.0	34.0	35.0	36.0	37.0
T010FX_S228_L002_R1_001	3.0	7.0	16.0	46.0	318.0	1926.0	6920.0	12818.0	21057.0	32659.0	45915.0	52359.0	56609.0	59500.0	67683.0	74672.0	86585.0	94413.0	112289.0	145673.0	266105.0	1259274.0	192810.0
	15.0	16.0	17.0	18.0	19.0	20.0	21.0	22.0	23.0	24.0	25.0	26.0	27.0	28.0	29.0	30.0	31.0	32.0	33.0	34.0	35.0	36.0	37.0
T010F_S109_L001_R1_001	1.0	9.0	33.0	59.0	207.0	1064.0	4923.0	10452.0	15431.0	22442.0	31594.0	38700.0	47729.0	57276.0	70994.0	80740.0	97163.0	110370.0	133074.0	176315.0	332114.0	1607371.0	239543.0
	14.0	15.0	16.0	17.0	18.0	19.0	20.0	21.0	22.0	23.0	24.0	25.0	26.0	27.0	28.0	29.0	30.0	31.0	32.0	33.0	34.0	35.0	36.0	37.0
T010F_S109_L002_R1_001	1.0	1.0	9.0	26.0	67.0	213.0	1033.0	5039.0	10731.0	16307.0	22857.0	32284.0	40360.0	49354.0	58462.0	71894.0	82583.0	98840.0	111811.0	136466.0	177982.0	338956.0	1606795.0	223166.0
	15.0	16.0	17.0	18.0	19.0	20.0	21.0	22.0	23.0	24.0	25.0	26.0	27.0	28.0	29.0	30.0	31.0	32.0	33.0	34.0	35.0	36.0	37.0
T010G_S121_L001_R1_001	5.0	11.0	26.0	58.0	235.0	1227.0	5558.0	11172.0	16573.0	22858.0	30669.0	36451.0	43128.0	49115.0	57867.0	66014.0	80237.0	91224.0	109616.0	146836.0	286822.0	1406266.0	216554.0
	15.0	16.0	17.0	18.0	19.0	20.0	21.0	22.0	23.0	24.0	25.0	26.0	27.0	28.0	29.0	30.0	31.0	32.0	33.0	34.0	35.0	36.0	37.0
T010G_S121_L002_R1_001	1.0	17.0	19.0	71.0	196.0	1254.0	5606.0	11539.0	16930.0	23533.0	31687.0	37714.0	44167.0	49920.0	59294.0	67694.0	81663.0	93116.0	111183.0	149074.0	292429.0	1404280.0	202154.0
	16.0	17.0	18.0	19.0	20.0	21.0	22.0	23.0	24.0	25.0	26.0	27.0	28.0	29.0	30.0	31.0	32.0	33.0	34.0	35.0	36.0	37.0
T011FX_S229_L001_R1_001	1.0	9.0	47.0	261.0	1576.0	6284.0	12900.0	23180.0	38493.0	57015.0	67667.0	74737.0	79457.0	90404.0	96159.0	106611.0	110232.0	125401.0	159804.0	285967.0	1289449.0	198818.0
	16.0	17.0	18.0	19.0	20.0	21.0	22.0	23.0	24.0	25.0	26.0	27.0	28.0	29.0	30.0	31.0	32.0	33.0	34.0	35.0	36.0	37.0
T011FX_S229_L002_R1_001	1.0	11.0	59.0	250.0	1561.0	6318.0	13160.0	23962.0	39111.0	58181.0	69479.0	76122.0	80974.0	91858.0	98202.0	108805.0	112377.0	127680.0	161328.0	290943.0	1288547.0	185884.0
	15.0	16.0	17.0	18.0	19.0	20.0	21.0	22.0	23.0	24.0	25.0	26.0	27.0	28.0	29.0	30.0	31.0	32.0	33.0	34.0	35.0	36.0	37.0
T011F_S110_L001_R1_001	3.0	9.0	26.0	60.0	242.0	1230.0	4719.0	9503.0	16358.0	26713.0	39906.0	48844.0	57447.0	65480.0	75853.0	84425.0	97018.0	104423.0	118130.0	150515.0	274513.0	1168137.0	164664.0
	15.0	16.0	17.0	18.0	19.0	20.0	21.0	22.0	23.0	24.0	25.0	26.0	27.0	28.0	29.0	30.0	31.0	32.0	33.0	34.0	35.0	36.0	37.0
T011F_S110_L002_R1_001	3.0	12.0	43.0	68.0	279.0	1191.0	4788.0	9602.0	16576.0	26972.0	40540.0	50007.0	58532.0	66244.0	77658.0	86009.0	99713.0	106228.0	120807.0	152773.0	280409.0	1167444.0	154618.0
	15.0	16.0	17.0	18.0	19.0	20.0	21.0	22.0	23.0	24.0	25.0	26.0	27.0	28.0	29.0	30.0	31.0	32.0	33.0	34.0	35.0	36.0	37.0
T011G_S122_L001_R1_001	5.0	8.0	42.0	88.0	205.0	858.0	3990.0	9922.0	15289.0	21214.0	29389.0	36632.0	44288.0	50146.0	62378.0	70871.0	83559.0	95527.0	114517.0	152849.0	294110.0	1410222.0	214372.0
	14.0	15.0	16.0	17.0	18.0	19.0	20.0	21.0	22.0	23.0	24.0	25.0	26.0	27.0	28.0	29.0	30.0	31.0	32.0	33.0	34.0	35.0	36.0	37.0
T011G_S122_L002_R1_001	1.0	6.0	11.0	37.0	108.0	206.0	868.0	3905.0	10323.0	15529.0	21670.0	30071.0	38171.0	45339.0	51058.0	63633.0	72135.0	85828.0	96791.0	116574.0	154686.0	300565.0	1412064.0	201083.0
	15.0	16.0	17.0	18.0	19.0	20.0	21.0	22.0	23.0	24.0	25.0	26.0	27.0	28.0	29.0	30.0	31.0	32.0	33.0	34.0	35.0	36.0	37.0
T012FX_S230_L001_R1_001	2.0	7.0	17.0	48.0	268.0	1608.0	7247.0	16020.0	27673.0	43898.0	62480.0	72111.0	78374.0	84186.0	96601.0	106307.0	120685.0	126072.0	143337.0	181835.0	325839.0	1504992.0	246415.0
	15.0	16.0	17.0	18.0	19.0	20.0	21.0	22.0	23.0	24.0	25.0	26.0	27.0	28.0	29.0	30.0	31.0	32.0	33.0	34.0	35.0	36.0	37.0
T012FX_S230_L002_R1_001	1.0	0.0	18.0	52.0	275.0	1623.0	7487.0	16166.0	28061.0	44598.0	63332.0	74081.0	80555.0	86301.0	99194.0	108556.0	123069.0	128869.0	145720.0	184938.0	334179.0	1509839.0	231799.0
	15.0	16.0	17.0	18.0	19.0	20.0	21.0	22.0	23.0	24.0	25.0	26.0	27.0	28.0	29.0	30.0	31.0	32.0	33.0	34.0	35.0	36.0	37.0
T012F_S111_L001_R1_001	3.0	9.0	45.0	81.0	246.0	860.0	4009.0	12034.0	21623.0	33788.0	53175.0	70694.0	82075.0	92611.0	110765.0	120270.0	135862.0	143898.0	161704.0	205682.0	378441.0	1717840.0	259201.0
	15.0	16.0	17.0	18.0	19.0	20.0	21.0	22.0	23.0	24.0	25.0	26.0	27.0	28.0	29.0	30.0	31.0	32.0	33.0	34.0	35.0	36.0	37.0
T012F_S111_L002_R1_001	3.0	11.0	33.0	77.0	203.0	858.0	3927.0	12273.0	22325.0	34804.0	54651.0	72429.0	84869.0	95411.0	113250.0	123646.0	139541.0	146006.0	165089.0	208990.0	385781.0	1724100.0	244294.0
	15.0	16.0	17.0	18.0	19.0	20.0	21.0	22.0	23.0	24.0	25.0	26.0	27.0	28.0	29.0	30.0	31.0	32.0	33.0	34.0	35.0	36.0	37.0
T012G_S123_L001_R1_001	1.0	13.0	23.0	62.0	174.0	827.0	3988.0	9022.0	12960.0	17880.0	24894.0	30489.0	36502.0	42424.0	51801.0	59123.0	71456.0	81704.0	98852.0	135010.0	269330.0	1286734.0	190743.0
	14.0	15.0	16.0	17.0	18.0	19.0	20.0	21.0	22.0	23.0	24.0	25.0	26.0	27.0	28.0	29.0	30.0	31.0	32.0	33.0	34.0	35.0	36.0	37.0
T012G_S123_L002_R1_001	1.0	0.0	4.0	27.0	66.0	179.0	865.0	3955.0	9238.0	13457.0	18225.0	25268.0	31626.0	37332.0	43089.0	53258.0	60770.0	73088.0	82694.0	101034.0	137731.0	275131.0	1282508.0	177911.0
	15.0	16.0	17.0	18.0	19.0	20.0	21.0	22.0	23.0	24.0	25.0	26.0	27.0	28.0	29.0	30.0	31.0	32.0	33.0	34.0	35.0	36.0	37.0
T014F_S171_L001_R1_001	3.0	7.0	19.0	63.0	318.0	1809.0	7525.0	15081.0	27068.0	44645.0	66022.0	79399.0	91191.0	99304.0	114335.0	123822.0	137439.0	139710.0	153385.0	189096.0	345271.0	1402410.0	202528.0
	15.0	16.0	17.0	18.0	19.0	20.0	21.0	22.0	23.0	24.0	25.0	26.0	27.0	28.0	29.0	30.0	31.0	32.0	33.0	34.0	35.0	36.0	37.0
T014F_S171_L002_R1_001	1.0	5.0	21.0	62.0	293.0	1763.0	7489.0	15071.0	27509.0	45183.0	67135.0	81368.0	92380.0	101106.0	115970.0	126031.0	139293.0	141613.0	154845.0	191004.0	347478.0	1392462.0	188912.0
	15.0	16.0	17.0	18.0	19.0	20.0	21.0	22.0	23.0	24.0	25.0	26.0	27.0	28.0	29.0	30.0	31.0	32.0	33.0	34.0	35.0	36.0	37.0
T014G_S183_L001_R1_001	2.0	8.0	28.0	73.0	209.0	979.0	3859.0	8902.0	13878.0	19860.0	27642.0	34224.0	40234.0	46242.0	58053.0	67289.0	81378.0	92625.0	111172.0	151665.0	302652.0	1475697.0	227069.0
	15.0	16.0	17.0	18.0	19.0	20.0	21.0	22.0	23.0	24.0	25.0	26.0	27.0	28.0	29.0	30.0	31.0	32.0	33.0	34.0	35.0	36.0	37.0
T014G_S183_L002_R1_001	3.0	7.0	26.0	85.0	230.0	929.0	3928.0	9134.0	14077.0	20508.0	28454.0	35103.0	41260.0	47289.0	59194.0	69042.0	83433.0	94263.0	113571.0	154280.0	307374.0	1472742.0	210756.0
	15.0	16.0	17.0	18.0	19.0	20.0	21.0	22.0	23.0	24.0	25.0	26.0	27.0	28.0	29.0	30.0	31.0	32.0	33.0	34.0	35.0	36.0	37.0
T015F_S172_L001_R1_001	1.0	6.0	25.0	75.0	285.0	1357.0	5530.0	12044.0	22639.0	40879.0	64317.0	82198.0	98271.0	112742.0	133219.0	147159.0	163938.0	168489.0	185694.0	231847.0	409549.0	1662099.0	241056.0
	15.0	16.0	17.0	18.0	19.0	20.0	21.0	22.0	23.0	24.0	25.0	26.0	27.0	28.0	29.0	30.0	31.0	32.0	33.0	34.0	35.0	36.0	37.0
T015F_S172_L002_R1_001	3.0	14.0	40.0	87.0	274.0	1351.0	5816.0	12413.0	23198.0	41108.0	65913.0	85080.0	101097.0	115156.0	135510.0	149790.0	167398.0	171239.0	189649.0	235110.0	417815.0	1663259.0	226114.0
	15.0	16.0	17.0	18.0	19.0	20.0	21.0	22.0	23.0	24.0	25.0	26.0	27.0	28.0	29.0	30.0	31.0	32.0	33.0	34.0	35.0	36.0	37.0
T015G_S184_L001_R1_001	2.0	13.0	48.0	91.0	205.0	914.0	3959.0	9206.0	14523.0	22080.0	32514.0	40172.0	47522.0	54587.0	65854.0	74944.0	90368.0	102180.0	122785.0	163625.0	318732.0	1515361.0	235740.0
	15.0	16.0	17.0	18.0	19.0	20.0	21.0	22.0	23.0	24.0	25.0	26.0	27.0	28.0	29.0	30.0	31.0	32.0	33.0	34.0	35.0	36.0	37.0
T015G_S184_L002_R1_001	1.0	8.0	41.0	83.0	194.0	938.0	4021.0	9402.0	14918.0	22848.0	33419.0	41460.0	48837.0	55675.0	67574.0	76548.0	92437.0	103695.0	124804.0	165843.0	325296.0	1511814.0	220273.0
	15.0	16.0	17.0	18.0	19.0	20.0	21.0	22.0	23.0	24.0	25.0	26.0	27.0	28.0	29.0	30.0	31.0	32.0	33.0	34.0	35.0	36.0	37.0
T016F_S173_L001_R1_001	1.0	8.0	24.0	63.0	251.0	1201.0	5188.0	12330.0	24986.0	44059.0	67278.0	81898.0	92055.0	100208.0	118533.0	131856.0	148013.0	150137.0	161240.0	194715.0	323685.0	1283488.0	195901.0
	15.0	16.0	17.0	18.0	19.0	20.0	21.0	22.0	23.0	24.0	25.0	26.0	27.0	28.0	29.0	30.0	31.0	32.0	33.0	34.0	35.0	36.0	37.0
T016F_S173_L002_R1_001	2.0	5.0	25.0	81.0	224.0	1242.0	5460.0	12516.0	25019.0	44396.0	69316.0	84213.0	94998.0	103057.0	121554.0	134991.0	151134.0	151768.0	164461.0	197615.0	329624.0	1290327.0	184119.0
	15.0	16.0	17.0	18.0	19.0	20.0	21.0	22.0	23.0	24.0	25.0	26.0	27.0	28.0	29.0	30.0	31.0	32.0	33.0	34.0	35.0	36.0	37.0
T016G_S185_L001_R1_001	5.0	15.0	51.0	113.0	321.0	1357.0	4506.0	8150.0	13899.0	21274.0	29275.0	34951.0	40849.0	46225.0	56589.0	65283.0	79248.0	88804.0	108093.0	146501.0	284557.0	1325656.0	202789.0
	14.0	15.0	16.0	17.0	18.0	19.0	20.0	21.0	22.0	23.0	24.0	25.0	26.0	27.0	28.0	29.0	30.0	31.0	32.0	33.0	34.0	35.0	36.0	37.0
T016G_S185_L002_R1_001	1.0	2.0	9.0	48.0	113.0	313.0	1399.0	4540.0	8201.0	14202.0	21337.0	30235.0	35648.0	41567.0	47511.0	57837.0	66906.0	79946.0	90974.0	109972.0	147501.0	290983.0	1320531.0	188614.0
	15.0	16.0	17.0	18.0	19.0	20.0	21.0	22.0	23.0	24.0	25.0	26.0	27.0	28.0	29.0	30.0	31.0	32.0	33.0	34.0	35.0	36.0	37.0
T017F_S174_L001_R1_001	4.0	8.0	31.0	62.0	246.0	1068.0	4207.0	9556.0	19562.0	34143.0	52393.0	64123.0	72682.0	81431.0	96711.0	107401.0	122522.0	128168.0	143802.0	180493.0	325879.0	1298148.0	183845.0
	15.0	16.0	17.0	18.0	19.0	20.0	21.0	22.0	23.0	24.0	25.0	26.0	27.0	28.0	29.0	30.0	31.0	32.0	33.0	34.0	35.0	36.0	37.0
T017F_S174_L002_R1_001	1.0	16.0	38.0	71.0	225.0	1023.0	4147.0	9794.0	19597.0	34511.0	53778.0	65487.0	74537.0	82516.0	97930.0	109635.0	124336.0	130500.0	145532.0	182362.0	330062.0	1295687.0	172072.0
	15.0	16.0	17.0	18.0	19.0	20.0	21.0	22.0	23.0	24.0	25.0	26.0	27.0	28.0	29.0	30.0	31.0	32.0	33.0	34.0	35.0	36.0	37.0
T017G_S186_L001_R1_001	5.0	25.0	53.0	86.0	224.0	1041.0	4695.0	9528.0	14600.0	20913.0	28894.0	35127.0	40551.0	45754.0	55443.0	62479.0	74551.0	84710.0	102119.0	138403.0	273618.0	1318000.0	195185.0
	15.0	16.0	17.0	18.0	19.0	20.0	21.0	22.0	23.0	24.0	25.0	26.0	27.0	28.0	29.0	30.0	31.0	32.0	33.0	34.0	35.0	36.0	37.0
T017G_S186_L002_R1_001	5.0	18.0	39.0	103.0	251.0	1066.0	4755.0	9480.0	14722.0	21150.0	29175.0	36254.0	41774.0	46414.0	56270.0	63507.0	76330.0	85466.0	103790.0	139899.0	279260.0	1310235.0	182484.0
	14.0	15.0	16.0	17.0	18.0	19.0	20.0	21.0	22.0	23.0	24.0	25.0	26.0	27.0	28.0	29.0	30.0	31.0	32.0	33.0	34.0	35.0	36.0	37.0
T019F_S175_L001_R1_001	1.0	0.0	11.0	46.0	96.0	339.0	1807.0	7015.0	14315.0	28128.0	46146.0	67687.0	79581.0	88692.0	95128.0	109634.0	121994.0	141237.0	151857.0	171351.0	216538.0	383672.0	1527461.0	216087.0
	15.0	16.0	17.0	18.0	19.0	20.0	21.0	22.0	23.0	24.0	25.0	26.0	27.0	28.0	29.0	30.0	31.0	32.0	33.0	34.0	35.0	36.0	37.0
T019F_S175_L002_R1_001	1.0	10.0	32.0	96.0	308.0	1869.0	7204.0	14776.0	28488.0	47308.0	68741.0	81676.0	90585.0	97023.0	112180.0	124242.0	144610.0	154281.0	174038.0	219392.0	389315.0	1528682.0	205310.0
	15.0	16.0	17.0	18.0	19.0	20.0	21.0	22.0	23.0	24.0	25.0	26.0	27.0	28.0	29.0	30.0	31.0	32.0	33.0	34.0	35.0	36.0	37.0
T019G_S187_L001_R1_001	3.0	18.0	64.0	97.0	297.0	1460.0	5805.0	11052.0	14595.0	18959.0	24550.0	29286.0	34689.0	39845.0	48076.0	56263.0	67913.0	78086.0	96682.0	133782.0	277932.0	1384441.0	204672.0
	15.0	16.0	17.0	18.0	19.0	20.0	21.0	22.0	23.0	24.0	25.0	26.0	27.0	28.0	29.0	30.0	31.0	32.0	33.0	34.0	35.0	36.0	37.0
T019G_S187_L002_R1_001	3.0	20.0	56.0	125.0	290.0	1397.0	6155.0	11292.0	14877.0	19389.0	25065.0	30128.0	35476.0	40773.0	49349.0	57226.0	69002.0	79757.0	99699.0	136995.0	284965.0	1383408.0	192412.0
	14.0	15.0	16.0	17.0	18.0	19.0	20.0	21.0	22.0	23.0	24.0	25.0	26.0	27.0	28.0	29.0	30.0	31.0	32.0	33.0	34.0	35.0	36.0	37.0
T021F_S176_L001_R1_001	1.0	2.0	11.0	40.0	82.0	393.0	1987.0	6703.0	13173.0	25403.0	40501.0	56950.0	64860.0	70441.0	74823.0	86153.0	96314.0	111918.0	120938.0	139803.0	180974.0	324166.0	1403478.0	212107.0
	15.0	16.0	17.0	18.0	19.0	20.0	21.0	22.0	23.0	24.0	25.0	26.0	27.0	28.0	29.0	30.0	31.0	32.0	33.0	34.0	35.0	36.0	37.0
T021F_S176_L002_R1_001	1.0	7.0	25.0	121.0	342.0	2053.0	7063.0	13190.0	25492.0	41622.0	58018.0	66366.0	71688.0	77004.0	88886.0	99258.0	114752.0	124345.0	143046.0	184181.0	331539.0	1407381.0	199402.0
	15.0	16.0	17.0	18.0	19.0	20.0	21.0	22.0	23.0	24.0	25.0	26.0	27.0	28.0	29.0	30.0	31.0	32.0	33.0	34.0	35.0	36.0	37.0
T021G_S188_L001_R1_001	10.0	16.0	55.0	104.0	292.0	1045.0	4134.0	8507.0	13645.0	20675.0	29857.0	36349.0	42522.0	49358.0	61228.0	71422.0	86500.0	98259.0	118916.0	159045.0	305483.0	1421950.0	212983.0
	15.0	16.0	17.0	18.0	19.0	20.0	21.0	22.0	23.0	24.0	25.0	26.0	27.0	28.0	29.0	30.0	31.0	32.0	33.0	34.0	35.0	36.0	37.0
T021G_S188_L002_R1_001	1.0	17.0	49.0	101.0	243.0	1035.0	4237.0	8585.0	13757.0	20994.0	30491.0	37284.0	43704.0	50342.0	62897.0	72800.0	87857.0	100964.0	121589.0	162219.0	312316.0	1421682.0	198803.0
	15.0	16.0	17.0	18.0	19.0	20.0	21.0	22.0	23.0	24.0	25.0	26.0	27.0	28.0	29.0	30.0	31.0	32.0	33.0	34.0	35.0	36.0	37.0
T023F_S177_L001_R1_001	3.0	1.0	27.0	92.0	319.0	1584.0	6529.0	13906.0	24456.0	39922.0	60583.0	73853.0	83599.0	90589.0	105564.0	117181.0	135516.0	145496.0	166832.0	211477.0	379654.0	1592536.0	230439.0
	15.0	16.0	17.0	18.0	19.0	20.0	21.0	22.0	23.0	24.0	25.0	26.0	27.0	28.0	29.0	30.0	31.0	32.0	33.0	34.0	35.0	36.0	37.0
T023F_S177_L002_R1_001	1.0	7.0	28.0	83.0	324.0	1478.0	6732.0	13872.0	24475.0	41013.0	61987.0	75048.0	85113.0	93058.0	107372.0	119917.0	137368.0	147489.0	168949.0	214209.0	386038.0	1596687.0	214863.0
	15.0	16.0	17.0	18.0	19.0	20.0	21.0	22.0	23.0	24.0	25.0	26.0	27.0	28.0	29.0	30.0	31.0	32.0	33.0	34.0	35.0	36.0	37.0
T023G_S189_L001_R1_001	2.0	11.0	28.0	76.0	237.0	911.0	3868.0	8061.0	12673.0	18961.0	27203.0	33812.0	40075.0	45704.0	56956.0	65691.0	78499.0	89737.0	109633.0	150846.0	297060.0	1375552.0	197177.0
	15.0	16.0	17.0	18.0	19.0	20.0	21.0	22.0	23.0	24.0	25.0	26.0	27.0	28.0	29.0	30.0	31.0	32.0	33.0	34.0	35.0	36.0	37.0
T023G_S189_L002_R1_001	2.0	13.0	39.0	73.0	256.0	947.0	3760.0	8357.0	13044.0	19531.0	27539.0	34846.0	40826.0	46641.0	58101.0	67059.0	80426.0	91818.0	111827.0	151759.0	302513.0	1369540.0	184080.0
	15.0	16.0	17.0	18.0	19.0	20.0	21.0	22.0	23.0	24.0	25.0	26.0	27.0	28.0	29.0	30.0	31.0	32.0	33.0	34.0	35.0	36.0	37.0
T025F_S178_L001_R1_001	2.0	5.0	17.0	59.0	157.0	476.0	2359.0	7255.0	13070.0	20855.0	32054.0	40932.0	47064.0	52601.0	63739.0	72283.0	85182.0	94569.0	113396.0	151895.0	294313.0	1381661.0	213813.0
	15.0	16.0	17.0	18.0	19.0	20.0	21.0	22.0	23.0	24.0	25.0	26.0	27.0	28.0	29.0	30.0	31.0	32.0	33.0	34.0	35.0	36.0	37.0
T025F_S178_L002_R1_001	1.0	3.0	22.0	44.0	150.0	541.0	2464.0	7229.0	13147.0	21528.0	32518.0	41748.0	48424.0	53590.0	65316.0	74192.0	86260.0	96310.0	115869.0	154160.0	300537.0	1380157.0	201242.0
	15.0	16.0	17.0	18.0	19.0	20.0	21.0	22.0	23.0	24.0	25.0	26.0	27.0	28.0	29.0	30.0	31.0	32.0	33.0	34.0	35.0	36.0	37.0
T025G_S190_L001_R1_001	3.0	9.0	27.0	116.0	407.0	2395.0	8855.0	14361.0	19411.0	25646.0	33005.0	37528.0	42207.0	45615.0	52914.0	58727.0	69409.0	78811.0	96202.0	132318.0	265832.0	1381679.0	213896.0
	15.0	16.0	17.0	18.0	19.0	20.0	21.0	22.0	23.0	24.0	25.0	26.0	27.0	28.0	29.0	30.0	31.0	32.0	33.0	34.0	35.0	36.0	37.0
T025G_S190_L002_R1_001	1.0	12.0	24.0	101.0	414.0	2461.0	9117.0	15026.0	19990.0	26235.0	34040.0	38548.0	43357.0	46792.0	53967.0	60147.0	70663.0	80283.0	97842.0	134759.0	271915.0	1383863.0	200662.0
	15.0	16.0	17.0	18.0	19.0	20.0	21.0	22.0	23.0	24.0	25.0	26.0	27.0	28.0	29.0	30.0	31.0	32.0	33.0	34.0	35.0	36.0	37.0
T026F_S179_L001_R1_001	1.0	7.0	24.0	83.0	336.0	1897.0	7276.0	14283.0	28528.0	47568.0	69035.0	81623.0	91566.0	100115.0	116280.0	129764.0	147226.0	152813.0	171465.0	216892.0	383329.0	1500743.0	214651.0
	15.0	16.0	17.0	18.0	19.0	20.0	21.0	22.0	23.0	24.0	25.0	26.0	27.0	28.0	29.0	30.0	31.0	32.0	33.0	34.0	35.0	36.0	37.0
T026F_S179_L002_R1_001	1.0	10.0	34.0	92.0	372.0	1962.0	7428.0	14882.0	29341.0	48546.0	70879.0	83678.0	94281.0	102013.0	118899.0	132054.0	149990.0	156380.0	174093.0	218991.0	391099.0	1503476.0	201452.0
	14.0	15.0	16.0	17.0	18.0	19.0	20.0	21.0	22.0	23.0	24.0	25.0	26.0	27.0	28.0	29.0	30.0	31.0	32.0	33.0	34.0	35.0	36.0	37.0
T026G_S191_L001_R1_001	1.0	6.0	15.0	33.0	85.0	232.0	840.0	3521.0	8481.0	14380.0	23460.0	36213.0	46818.0	55102.0	62697.0	77264.0	86981.0	103462.0	113991.0	135353.0	180552.0	352235.0	1597761.0	232806.0
	15.0	16.0	17.0	18.0	19.0	20.0	21.0	22.0	23.0	24.0	25.0	26.0	27.0	28.0	29.0	30.0	31.0	32.0	33.0	34.0	35.0	36.0	37.0
T026G_S191_L002_R1_001	6.0	11.0	48.0	76.0	217.0	881.0	3361.0	8574.0	15078.0	23922.0	37214.0	47712.0	56324.0	64380.0	78246.0	89600.0	105272.0	116201.0	137813.0	183112.0	359658.0	1593511.0	215546.0
	15.0	16.0	17.0	18.0	19.0	20.0	21.0	22.0	23.0	24.0	25.0	26.0	27.0	28.0	29.0	30.0	31.0	32.0	33.0	34.0	35.0	36.0	37.0
T027F_S180_L001_R1_001	1.0	11.0	19.0	81.0	296.0	1583.0	6618.0	13823.0	26643.0	44971.0	67588.0	83698.0	94838.0	104663.0	124587.0	138295.0	156071.0	161818.0	181199.0	226647.0	400335.0	1564991.0	226130.0
	15.0	16.0	17.0	18.0	19.0	20.0	21.0	22.0	23.0	24.0	25.0	26.0	27.0	28.0	29.0	30.0	31.0	32.0	33.0	34.0	35.0	36.0	37.0
T027F_S180_L002_R1_001	1.0	8.0	28.0	79.0	317.0	1598.0	6696.0	14204.0	26776.0	45319.0	69820.0	86483.0	97070.0	107391.0	126477.0	140766.0	158936.0	165353.0	183447.0	229144.0	406353.0	1565553.0	213013.0
	14.0	15.0	16.0	17.0	18.0	19.0	20.0	21.0	22.0	23.0	24.0	25.0	26.0	27.0	28.0	29.0	30.0	31.0	32.0	33.0	34.0	35.0	36.0	37.0
T027G_S192_L001_R1_001	1.0	1.0	8.0	39.0	85.0	256.0	1140.0	4078.0	7163.0	11128.0	16493.0	22983.0	27746.0	32668.0	37639.0	46432.0	53781.0	65251.0	74541.0	90415.0	123608.0	245883.0	1163420.0	175603.0
	15.0	16.0	17.0	18.0	19.0	20.0	21.0	22.0	23.0	24.0	25.0	26.0	27.0	28.0	29.0	30.0	31.0	32.0	33.0	34.0	35.0	36.0	37.0
T027G_S192_L002_R1_001	2.0	10.0	42.0	80.0	243.0	1119.0	4044.0	7343.0	11258.0	16889.0	23537.0	28204.0	33060.0	38180.0	47318.0	55243.0	66963.0	76582.0	92387.0	124845.0	249147.0	1160373.0	163412.0
	15.0	16.0	17.0	18.0	19.0	20.0	21.0	22.0	23.0	24.0	25.0	26.0	27.0	28.0	29.0	30.0	31.0	32.0	33.0	34.0	35.0	36.0	37.0
T029F_S195_L001_R1_001	1.0	4.0	13.0	79.0	350.0	1843.0	6641.0	11700.0	16715.0	23675.0	32515.0	37694.0	43077.0	47635.0	57622.0	66065.0	80880.0	93809.0	116371.0	160496.0	327390.0	1508181.0	211714.0
	16.0	17.0	18.0	19.0	20.0	21.0	22.0	23.0	24.0	25.0	26.0	27.0	28.0	29.0	30.0	31.0	32.0	33.0	34.0	35.0	36.0	37.0
T029F_S195_L002_R1_001	4.0	16.0	55.0	306.0	1796.0	6727.0	12088.0	17284.0	24153.0	32612.0	38540.0	43603.0	48934.0	58620.0	67661.0	82490.0	95758.0	118063.0	164344.0	334536.0	1503325.0	197875.0
	15.0	16.0	17.0	18.0	19.0	20.0	21.0	22.0	23.0	24.0	25.0	26.0	27.0	28.0	29.0	30.0	31.0	32.0	33.0	34.0	35.0	36.0	37.0
T029G_S207_L001_R1_001	5.0	27.0	76.0	189.0	443.0	1654.0	5828.0	10661.0	16611.0	24258.0	32881.0	39173.0	45107.0	51137.0	61805.0	71750.0	86060.0	96931.0	114439.0	152199.0	292469.0	1397988.0	217445.0
	15.0	16.0	17.0	18.0	19.0	20.0	21.0	22.0	23.0	24.0	25.0	26.0	27.0	28.0	29.0	30.0	31.0	32.0	33.0	34.0	35.0	36.0	37.0
T029G_S207_L002_R1_001	8.0	33.0	75.0	165.0	414.0	1696.0	5957.0	10826.0	17082.0	24447.0	33359.0	39931.0	46415.0	52602.0	63508.0	73443.0	88266.0	99088.0	117189.0	156010.0	300220.0	1404291.0	205701.0
	16.0	17.0	18.0	19.0	20.0	21.0	22.0	23.0	24.0	25.0	26.0	27.0	28.0	29.0	30.0	31.0	32.0	33.0	34.0	35.0	36.0	37.0
T030F_S196_L001_R1_001	5.0	34.0	68.0	269.0	1419.0	6239.0	14174.0	26585.0	45063.0	66487.0	77812.0	84571.0	91995.0	105849.0	114149.0	127845.0	133468.0	149834.0	188360.0	343854.0	1482783.0	220281.0
	15.0	16.0	17.0	18.0	19.0	20.0	21.0	22.0	23.0	24.0	25.0	26.0	27.0	28.0	29.0	30.0	31.0	32.0	33.0	34.0	35.0	36.0	37.0
T030F_S196_L002_R1_001	3.0	4.0	27.0	64.0	287.0	1446.0	6275.0	14422.0	26880.0	45734.0	68068.0	80212.0	87512.0	93893.0	108878.0	116608.0	130798.0	135104.0	152395.0	190963.0	350178.0	1481262.0	206243.0
	15.0	16.0	17.0	18.0	19.0	20.0	21.0	22.0	23.0	24.0	25.0	26.0	27.0	28.0	29.0	30.0	31.0	32.0	33.0	34.0	35.0	36.0	37.0
T030G_S208_L001_R1_001	3.0	16.0	43.0	116.0	343.0	1515.0	5593.0	9880.0	14375.0	20036.0	27149.0	32207.0	38244.0	44098.0	53939.0	61950.0	75419.0	87821.0	107661.0	147022.0	295023.0	1531111.0	255611.0
	15.0	16.0	17.0	18.0	19.0	20.0	21.0	22.0	23.0	24.0	25.0	26.0	27.0	28.0	29.0	30.0	31.0	32.0	33.0	34.0	35.0	36.0	37.0
T131G_S141_L001_R1_001	6.0	17.0	62.0	166.0	358.0	1292.0	4968.0	9932.0	14917.0	22204.0	31562.0	40362.0	48446.0	57382.0	71485.0	83203.0	100287.0	115245.0	137663.0	184874.0	361145.0	1782443.0	282697.0
	14.0	15.0	16.0	17.0	18.0	19.0	20.0	21.0	22.0	23.0	24.0	25.0	26.0	27.0	28.0	29.0	30.0	31.0	32.0	33.0	34.0	35.0	36.0	37.0
T131G_S141_L002_R1_001	1.0	2.0	12.0	70.0	154.0	343.0	1244.0	4926.0	10299.0	15435.0	22740.0	32596.0	40819.0	49747.0	58200.0	73027.0	85030.0	102614.0	116657.0	140902.0	189453.0	368670.0	1790722.0	266557.0
	15.0	16.0	17.0	18.0	19.0	20.0	21.0	22.0	23.0	24.0	25.0	26.0	27.0	28.0	29.0	30.0	31.0	32.0	33.0	34.0	35.0	36.0	37.0
T132F_S130_L001_R1_001	1.0	12.0	33.0	82.0	252.0	1343.0	5698.0	12643.0	23213.0	38744.0	58768.0	73142.0	81562.0	88410.0	102605.0	111566.0	124958.0	131266.0	149901.0	189007.0	335766.0	1386705.0	197391.0
	14.0	15.0	16.0	17.0	18.0	19.0	20.0	21.0	22.0	23.0	24.0	25.0	26.0	27.0	28.0	29.0	30.0	31.0	32.0	33.0	34.0	35.0	36.0	37.0
T132F_S130_L002_R1_001	1.0	0.0	3.0	20.0	64.0	286.0	1289.0	5759.0	12954.0	23252.0	39161.0	60104.0	74666.0	83462.0	90327.0	104092.0	113902.0	127585.0	133677.0	151889.0	191149.0	341662.0	1382367.0	183550.0
	15.0	16.0	17.0	18.0	19.0	20.0	21.0	22.0	23.0	24.0	25.0	26.0	27.0	28.0	29.0	30.0	31.0	32.0	33.0	34.0	35.0	36.0	37.0
T132G_S142_L001_R1_001	2.0	13.0	42.0	95.0	226.0	985.0	3861.0	6821.0	9678.0	13749.0	19556.0	24114.0	28903.0	32921.0	40120.0	47153.0	58088.0	68384.0	85436.0	118745.0	236672.0	1166309.0	176375.0
	15.0	16.0	17.0	18.0	19.0	20.0	21.0	22.0	23.0	24.0	25.0	26.0	27.0	28.0	29.0	30.0	31.0	32.0	33.0	34.0	35.0	36.0	37.0
T132G_S142_L002_R1_001	5.0	9.0	35.0	101.0	216.0	943.0	3662.0	6847.0	9763.0	13959.0	19716.0	24312.0	29435.0	33740.0	40942.0	48156.0	60231.0	70012.0	87396.0	120368.0	241190.0	1165871.0	165080.0
	15.0	16.0	17.0	18.0	19.0	20.0	21.0	22.0	23.0	24.0	25.0	26.0	27.0	28.0	29.0	30.0	31.0	32.0	33.0	34.0	35.0	36.0	37.0
T133F_S131_L001_R1_001	1.0	6.0	19.0	60.0	226.0	1393.0	5438.0	10572.0	19203.0	30023.0	42564.0	49473.0	56694.0	61076.0	71401.0	80878.0	95754.0	103710.0	120023.0	154821.0	277006.0	1193616.0	175661.0
	14.0	15.0	16.0	17.0	18.0	19.0	20.0	21.0	22.0	23.0	24.0	25.0	26.0	27.0	28.0	29.0	30.0	31.0	32.0	33.0	34.0	35.0	36.0	37.0
T133F_S131_L002_R1_001	1.0	1.0	5.0	18.0	64.0	248.0	1422.0	5631.0	10603.0	19176.0	30533.0	43349.0	50887.0	57341.0	62598.0	73153.0	82713.0	97798.0	105926.0	122918.0	157392.0	282486.0	1192074.0	164978.0
	15.0	16.0	17.0	18.0	19.0	20.0	21.0	22.0	23.0	24.0	25.0	26.0	27.0	28.0	29.0	30.0	31.0	32.0	33.0	34.0	35.0	36.0	37.0
T133G_S143_L001_R1_001	8.0	23.0	69.0	134.0	276.0	765.0	3311.0	8509.0	13426.0	19400.0	28721.0	36638.0	45766.0	54265.0	68042.0	77982.0	93462.0	106572.0	129645.0	176905.0	359933.0	1836247.0	282600.0
	14.0	15.0	16.0	17.0	18.0	19.0	20.0	21.0	22.0	23.0	24.0	25.0	26.0	27.0	28.0	29.0	30.0	31.0	32.0	33.0	34.0	35.0	36.0	37.0
T133G_S143_L002_R1_001	1.0	10.0	27.0	64.0	134.0	273.0	780.0	3400.0	8714.0	13467.0	19906.0	29098.0	37749.0	47058.0	55566.0	69420.0	79571.0	95560.0	109363.0	132077.0	180800.0	367829.0	1833716.0	264028.0
	15.0	16.0	17.0	18.0	19.0	20.0	21.0	22.0	23.0	24.0	25.0	26.0	27.0	28.0	29.0	30.0	31.0	32.0	33.0	34.0	35.0	36.0	37.0
T134F_S132_L001_R1_001	1.0	7.0	29.0	78.0	203.0	1106.0	5131.0	11567.0	20023.0	32982.0	49789.0	62576.0	73758.0	84559.0	103224.0	115850.0	135243.0	146444.0	170978.0	221426.0	401672.0	1685061.0	237273.0
	15.0	16.0	17.0	18.0	19.0	20.0	21.0	22.0	23.0	24.0	25.0	26.0	27.0	28.0	29.0	30.0	31.0	32.0	33.0	34.0	35.0	36.0	37.0
T134F_S132_L002_R1_001	2.0	5.0	30.0	61.0	235.0	1115.0	5268.0	11812.0	20453.0	33717.0	51128.0	64234.0	75940.0	86716.0	104054.0	117731.0	137593.0	149198.0	173648.0	223582.0	408406.0	1687937.0	221897.0
	15.0	16.0	17.0	18.0	19.0	20.0	21.0	22.0	23.0	24.0	25.0	26.0	27.0	28.0	29.0	30.0	31.0	32.0	33.0	34.0	35.0	36.0	37.0
T134G_S144_L001_R1_001	8.0	21.0	68.0	149.0	419.0	1365.0	4866.0	9948.0	14568.0	20005.0	26956.0	33195.0	39843.0	46953.0	59022.0	68093.0	83707.0	97619.0	120206.0	163243.0	326878.0	1592309.0	238770.0
	15.0	16.0	17.0	18.0	19.0	20.0	21.0	22.0	23.0	24.0	25.0	26.0	27.0	28.0	29.0	30.0	31.0	32.0	33.0	34.0	35.0	36.0	37.0
T134G_S144_L002_R1_001	7.0	19.0	61.0	148.0	358.0	1353.0	4880.0	10196.0	14629.0	20353.0	27867.0	33698.0	40980.0	48576.0	60029.0	69767.0	85137.0	99200.0	121836.0	165512.0	332873.0	1591516.0	222882.0
	15.0	16.0	17.0	18.0	19.0	20.0	21.0	22.0	23.0	24.0	25.0	26.0	27.0	28.0	29.0	30.0	31.0	32.0	33.0	34.0	35.0	36.0	37.0
T135F_S133_L001_R1_001	2.0	7.0	17.0	67.0	160.0	631.0	2582.0	7872.0	16035.0	28293.0	50363.0	73266.0	90578.0	103673.0	126059.0	139400.0	154972.0	160659.0	178630.0	226817.0	415927.0	1751072.0	251379.0
	15.0	16.0	17.0	18.0	19.0	20.0	21.0	22.0	23.0	24.0	25.0	26.0	27.0	28.0	29.0	30.0	31.0	32.0	33.0	34.0	35.0	36.0	37.0
T135F_S133_L002_R1_001	1.0	6.0	16.0	76.0	193.0	625.0	2654.0	8178.0	16177.0	29085.0	51622.0	75729.0	92820.0	105574.0	128914.0	142540.0	159744.0	164180.0	182587.0	231741.0	426194.0	1753118.0	236554.0
	14.0	15.0	16.0	17.0	18.0	19.0	20.0	21.0	22.0	23.0	24.0	25.0	26.0	27.0	28.0	29.0	30.0	31.0	32.0	33.0	34.0	35.0	36.0	37.0
T135G_S145_L001_R1_001	1.0	6.0	36.0	61.0	155.0	333.0	1037.0	4039.0	8083.0	11680.0	16348.0	23214.0	28691.0	34114.0	39897.0	49389.0	57079.0	68252.0	78344.0	95660.0	131182.0	268543.0	1365198.0	206681.0
	15.0	16.0	17.0	18.0	19.0	20.0	21.0	22.0	23.0	24.0	25.0	26.0	27.0	28.0	29.0	30.0	31.0	32.0	33.0	34.0	35.0	36.0	37.0
T135G_S145_L002_R1_001	3.0	31.0	55.0	135.0	336.0	1062.0	4030.0	8447.0	11968.0	16648.0	23519.0	29115.0	34874.0	40873.0	50451.0	57914.0	69964.0	80733.0	97800.0	133598.0	275937.0	1364840.0	192898.0
	15.0	16.0	17.0	18.0	19.0	20.0	21.0	22.0	23.0	24.0	25.0	26.0	27.0	28.0	29.0	30.0	31.0	32.0	33.0	34.0	35.0	36.0	37.0
T136F_S134_L001_R1_001	4.0	15.0	39.0	87.0	236.0	1019.0	4469.0	10620.0	19662.0	34645.0	55263.0	70584.0	82937.0	91012.0	104917.0	115447.0	133002.0	142106.0	162365.0	208875.0	376661.0	1605091.0	233341.0
	16.0	17.0	18.0	19.0	20.0	21.0	22.0	23.0	24.0	25.0	26.0	27.0	28.0	29.0	30.0	31.0	32.0	33.0	34.0	35.0	36.0	37.0
T136F_S134_L002_R1_001	7.0	46.0	85.0	230.0	1047.0	4566.0	10940.0	19964.0	35530.0	56969.0	72526.0	85011.0	92994.0	106744.0	118173.0	135249.0	144129.0	165936.0	211512.0	384411.0	1608068.0	220152.0
	15.0	16.0	17.0	18.0	19.0	20.0	21.0	22.0	23.0	24.0	25.0	26.0	27.0	28.0	29.0	30.0	31.0	32.0	33.0	34.0	35.0	36.0	37.0
T136G_S146_L001_R1_001	6.0	26.0	65.0	126.0	243.0	898.0	3596.0	7948.0	12126.0	17504.0	24600.0	29991.0	35408.0	41071.0	50232.0	59030.0	71097.0	82275.0	99900.0	137005.0	277501.0	1323101.0	188410.0
	15.0	16.0	17.0	18.0	19.0	20.0	21.0	22.0	23.0	24.0	25.0	26.0	27.0	28.0	29.0	30.0	31.0	32.0	33.0	34.0	35.0	36.0	37.0
T136G_S146_L002_R1_001	3.0	20.0	54.0	137.0	298.0	957.0	3628.0	8131.0	12386.0	18189.0	25433.0	30698.0	36290.0	41969.0	51830.0	59867.0	73188.0	83119.0	101771.0	139794.0	284140.0	1325329.0	176735.0
	15.0	16.0	17.0	18.0	19.0	20.0	21.0	22.0	23.0	24.0	25.0	26.0	27.0	28.0	29.0	30.0	31.0	32.0	33.0	34.0	35.0	36.0	37.0
T137F_S135_L001_R1_001	2.0	14.0	32.0	93.0	273.0	1169.0	4699.0	11206.0	21548.0	37865.0	58982.0	73857.0	85404.0	94896.0	112613.0	124427.0	142017.0	148969.0	167041.0	210126.0	374320.0	1550339.0	227454.0
	15.0	16.0	17.0	18.0	19.0	20.0	21.0	22.0	23.0	24.0	25.0	26.0	27.0	28.0	29.0	30.0	31.0	32.0	33.0	34.0	35.0	36.0	37.0
T137F_S135_L002_R1_001	2.0	8.0	23.0	73.0	234.0	1219.0	4829.0	11382.0	21988.0	38454.0	59915.0	75708.0	87166.0	96873.0	115199.0	127602.0	146332.0	152974.0	169448.0	212211.0	382040.0	1552842.0	213526.0
	14.0	15.0	16.0	17.0	18.0	19.0	20.0	21.0	22.0	23.0	24.0	25.0	26.0	27.0	28.0	29.0	30.0	31.0	32.0	33.0	34.0	35.0	36.0	37.0
T137G_S147_L001_R1_001	1.0	4.0	22.0	73.0	146.0	358.0	1330.0	5081.0	9550.0	14156.0	20036.0	27577.0	33750.0	40147.0	47061.0	58592.0	69983.0	86157.0	97883.0	118735.0	159166.0	310870.0	1503198.0	237192.0
	15.0	16.0	17.0	18.0	19.0	20.0	21.0	22.0	23.0	24.0	25.0	26.0	27.0	28.0	29.0	30.0	31.0	32.0	33.0	34.0	35.0	36.0	37.0
T137G_S147_L002_R1_001	9.0	24.0	70.0	170.0	360.0	1328.0	5170.0	9841.0	14556.0	20358.0	28364.0	34576.0	41150.0	48355.0	60382.0	71324.0	87883.0	100890.0	120871.0	162157.0	318458.0	1506763.0	222234.0

