Sample	20	22	24	26	28	30	32	34	36	38	40	42	44	46	48	50	52	54	56	58	60	62	64	66	68	70	72	74	76	78	80	82	84	86	88	90	92	94
A1-T001F_S100_L099_R1_cmb	68070.0	61178.0	56317.0	55281.0	63872.0	54671.0	57048.0	56102.0	53134.0	55130.0	52272.0	53615.0	53184.0	52035.0	50861.0	43789.0	44315.0	45841.0	45391.0	40901.0	40361.0	42608.0	40021.0	48027.0	41741.0	44894.0	44751.0	41131.0	42906.0	39405.0	38619.0	34168.0	53544.0	205266.0	200677.0	203589.0	172916.0	94091.0
A1-T030F_S196_L099_R1_cmb	80448.0	74228.0	70360.0	69573.0	73655.0	65570.0	62523.0	60645.0	58026.0	60728.0	55794.0	56214.0	56493.0	53624.0	52533.0	46086.0	49764.0	47281.0	49474.0	44619.0	43622.0	43562.0	44260.0	45363.0	43175.0	44668.0	42978.0	40995.0	41650.0	40251.0	37961.0	35350.0	51610.0	172121.0	198972.0	224019.0	161249.0	135043.0
A10-T015F_S172_L099_R1_cmb	97755.0	89559.0	80757.0	80486.0	86420.0	74927.0	74434.0	71346.0	68166.0	71410.0	65419.0	64269.0	65633.0	60383.0	60494.0	53394.0	55486.0	55557.0	55021.0	50184.0	47259.0	48018.0	48262.0	52321.0	47499.0	47228.0	48301.0	45654.0	46880.0	43764.0	40940.0	39282.0	55091.0	187570.0	209612.0	227832.0	167633.0	129697.0
A11-T027F_S180_L099_R1_cmb	95945.0	85065.0	78773.0	79257.0	84854.0	74044.0	72236.0	70131.0	65630.0	67879.0	64127.0	63827.0	63124.0	57023.0	56672.0	50043.0	53761.0	53908.0	50440.0	46551.0	45481.0	45706.0	47422.0	48865.0	46035.0	46791.0	45730.0	43255.0	43648.0	41899.0	39938.0	36584.0	50551.0	159470.0	186173.0	210231.0	145336.0	129761.0
A12-T021G_S188_L099_R1_cmb	80230.0	76163.0	74248.0	74332.0	76762.0	73300.0	70742.0	68402.0	66618.0	65596.0	63133.0	64789.0	63667.0	59779.0	59757.0	57336.0	55049.0	55361.0	57917.0	53367.0	51871.0	52732.0	54548.0	55097.0	52850.0	52676.0	51209.0	51044.0	52324.0	49999.0	46564.0	42738.0	58549.0	192295.0	218702.0	265612.0	202687.0	149306.0
A2-T009F_S108_L099_R1_cmb	77291.0	70567.0	64348.0	62757.0	71237.0	59999.0	63056.0	58621.0	54270.0	56264.0	52651.0	52066.0	53108.0	50590.0	47840.0	42540.0	43160.0	42829.0	43820.0	39004.0	38100.0	38930.0	38408.0	41074.0	39177.0	42335.0	39430.0	37890.0	37877.0	34602.0	33335.0	30042.0	48067.0	169069.0	163785.0	173161.0	147362.0	76215.0
A2-T039F_S204_L099_R1_cmb	92909.0	87839.0	80164.0	81098.0	85999.0	79868.0	77305.0	74063.0	69849.0	73444.0	68807.0	69196.0	68165.0	64906.0	64227.0	57245.0	60861.0	58396.0	59627.0	54322.0	52816.0	53548.0	54723.0	57114.0	52728.0	53421.0	53664.0	50517.0	52685.0	50011.0	46478.0	44447.0	63581.0	214449.0	246320.0	285769.0	206534.0	164698.0
A3-T005G_S116_L099_R1_cmb	88148.0	85811.0	82342.0	80094.0	85652.0	81306.0	77910.0	77219.0	74722.0	73123.0	72679.0	71945.0	70929.0	67711.0	67620.0	64425.0	63495.0	63710.0	63956.0	60850.0	60215.0	60209.0	62891.0	64665.0	60500.0	60076.0	59088.0	58963.0	59106.0	57998.0	54921.0	49669.0	67318.0	228506.0	256594.0	308028.0	236325.0	171574.0
A3-T035G_S212_L099_R1_cmb	61015.0	59642.0	56953.0	56981.0	61415.0	55918.0	55342.0	53829.0	52646.0	51610.0	49717.0	50231.0	49360.0	46988.0	47311.0	45891.0	43994.0	43028.0	44754.0	42220.0	41255.0	41483.0	41442.0	42795.0	41886.0	41434.0	40599.0	39586.0	40955.0	40224.0	36177.0	34587.0	46887.0	162924.0	197977.0	239139.0	173556.0	145377.0
A4-T002FX_S220_L099_R1_cmb	59042.0	54230.0	51945.0	50844.0	54814.0	50346.0	50960.0	49414.0	46464.0	48100.0	45585.0	46100.0	44853.0	43702.0	43159.0	40331.0	40068.0	38774.0	41650.0	34641.0	37230.0	35343.0	36748.0	39952.0	36852.0	38031.0	39041.0	36782.0	36414.0	35527.0	32896.0	31369.0	48390.0	182449.0	180816.0	195511.0	169383.0	89358.0
A4-T126F_S124_L099_R1_cmb	78508.0	72535.0	64280.0	64163.0	69121.0	58114.0	57819.0	56010.0	52367.0	53657.0	52820.0	51379.0	51469.0	48995.0	47572.0	41659.0	40771.0	43174.0	43284.0	36252.0	35068.0	36600.0	37076.0	38180.0	36632.0	38596.0	35807.0	35461.0	34637.0	34534.0	30321.0	28335.0	36398.0	104007.0	145209.0	152209.0	87517.0	102881.0
A5-T010FX_S228_L099_R1_cmb	58194.0	52566.0	50110.0	48416.0	55049.0	48150.0	48525.0	48465.0	44665.0	47024.0	45165.0	45827.0	44884.0	43064.0	44625.0	40840.0	41061.0	39423.0	40273.0	36136.0	35113.0	36423.0	36080.0	40267.0	37105.0	37755.0	38017.0	35835.0	37256.0	35526.0	32953.0	30084.0	44260.0	173749.0	174547.0	187959.0	157512.0	91846.0
A5-T134F_S132_L099_R1_cmb	90789.0	82803.0	76515.0	74998.0	81183.0	72342.0	72033.0	69649.0	67040.0	70062.0	66211.0	65512.0	66091.0	61545.0	61561.0	55158.0	57964.0	58449.0	56340.0	49609.0	50440.0	50970.0	51857.0	52883.0	50965.0	51792.0	51507.0	49578.0	50338.0	48304.0	44769.0	42866.0	57609.0	205676.0	221105.0	244862.0	187901.0	129021.0
A6-T130G_S140_L099_R1_cmb	76740.0	72959.0	71473.0	71760.0	76703.0	69668.0	70102.0	67991.0	66540.0	65518.0	64155.0	65111.0	62449.0	59898.0	59921.0	57218.0	55301.0	54076.0	59398.0	53698.0	52267.0	52705.0	52414.0	53470.0	52863.0	51265.0	52003.0	50327.0	50757.0	50308.0	45020.0	42755.0	59585.0	197847.0	230582.0	271443.0	209009.0	156111.0
A7-T046F_S148_L099_R1_cmb	80970.0	74624.0	68756.0	67685.0	74252.0	65394.0	64827.0	66294.0	60944.0	63528.0	59497.0	59282.0	59005.0	56169.0	57339.0	49713.0	53585.0	53009.0	50375.0	46176.0	45714.0	45980.0	47521.0	50801.0	47112.0	49788.0	48413.0	46620.0	45885.0	44292.0	42629.0	40390.0	57623.0	207175.0	222185.0	246852.0	185715.0	131249.0
A8-T110F_S156_L099_R1_cmb	89048.0	83798.0	75480.0	76201.0	80922.0	71011.0	71442.0	68650.0	67308.0	67588.0	64265.0	65154.0	63821.0	61223.0	59057.0	52055.0	55659.0	55268.0	52895.0	48575.0	47682.0	50036.0	50490.0	51663.0	48832.0	49153.0	48271.0	46662.0	48904.0	44210.0	43319.0	40763.0	55148.0	180627.0	198884.0	223898.0	165409.0	125032.0
A9-T055G_S164_L099_R1_cmb	76154.0	73722.0	69946.0	70635.0	74544.0	71225.0	68672.0	67058.0	64009.0	63994.0	60729.0	61739.0	61063.0	58500.0	57250.0	54861.0	53258.0	53515.0	55567.0	51757.0	51126.0	50682.0	51176.0	54246.0	50149.0	50199.0	50466.0	48369.0	49621.0	48288.0	44920.0	41490.0	57393.0	193002.0	223600.0	269054.0	206805.0	158099.0
B1-T002F_S101_L099_R1_cmb	82186.0	73819.0	70213.0	69368.0	72481.0	66174.0	63534.0	62633.0	59459.0	61933.0	57807.0	57081.0	56850.0	54508.0	52776.0	48769.0	50340.0	48172.0	50710.0	42844.0	42914.0	42745.0	43450.0	46810.0	43182.0	46037.0	43979.0	42925.0	41961.0	38926.0	37009.0	35621.0	57711.0	198763.0	196629.0	212942.0	177992.0	92685.0
B1-T031F_S197_L099_R1_cmb	78452.0	73646.0	67101.0	65493.0	72999.0	63929.0	62669.0	60856.0	56657.0	59858.0	55802.0	56954.0	55966.0	54173.0	55050.0	48558.0	51286.0	48148.0	50433.0	43987.0	44300.0	43381.0	46068.0	47509.0	43484.0	46486.0	43970.0	41712.0	43010.0	41285.0	38467.0	36880.0	52349.0	191451.0	210681.0	240721.0	183881.0	134932.0
B10-T016F_S173_L099_R1_cmb	77177.0	72317.0	63019.0	64502.0	67497.0	61133.0	59527.0	57635.0	54592.0	57170.0	53386.0	53169.0	52262.0	47242.0	47428.0	42733.0	44220.0	44494.0	42838.0	38448.0	37501.0	37091.0	39457.0	43207.0	38253.0	38328.0	38653.0	36764.0	36938.0	35762.0	32279.0	30223.0	41945.0	133093.0	143539.0	163422.0	118567.0	88125.0
B11-T118F_S181_L099_R1_cmb	68316.0	62378.0	56286.0	56312.0	59846.0	52796.0	52410.0	52089.0	48312.0	51158.0	46809.0	47421.0	46853.0	44624.0	43483.0	39446.0	40636.0	41283.0	39512.0	36270.0	35147.0	35787.0	35727.0	37764.0	37063.0	36569.0	35744.0	33403.0	34603.0	33607.0	30714.0	29377.0	43306.0	143631.0	144531.0	158424.0	132825.0	74365.0
B12-T023G_S189_L099_R1_cmb	72720.0	68638.0	65342.0	65462.0	70088.0	65616.0	63077.0	62319.0	59790.0	59968.0	57694.0	58339.0	55873.0	54330.0	54035.0	51515.0	49927.0	49300.0	51731.0	47805.0	47297.0	47957.0	48140.0	48430.0	47363.0	46587.0	47127.0	45564.0	46359.0	45247.0	41235.0	38812.0	54696.0	188210.0	213098.0	257311.0	195066.0	142650.0
B2-T010F_S109_L099_R1_cmb	69077.0	61958.0	58280.0	56153.0	65853.0	54866.0	56973.0	57439.0	52268.0	56109.0	54025.0	53826.0	54071.0	51953.0	52176.0	47982.0	48637.0	48201.0	48865.0	43310.0	41282.0	43843.0	42267.0	48369.0	45119.0	45316.0	45344.0	42014.0	43144.0	41226.0	38450.0	35717.0	56062.0	219712.0	219097.0	212100.0	181150.0	97358.0
B2-T040F_S205_L099_R1_cmb	106926.0	99857.0	92718.0	91963.0	96535.0	90907.0	87874.0	84465.0	79432.0	81482.0	76516.0	76103.0	74577.0	72079.0	70667.0	66873.0	66112.0	64858.0	66909.0	59927.0	60020.0	59471.0	59573.0	61139.0	59629.0	60239.0	59305.0	56549.0	58245.0	54508.0	51259.0	49148.0	69519.0	237919.0	251240.0	281569.0	234875.0	151001.0
B3-T006G_S117_L099_R1_cmb	89853.0	86486.0	82125.0	81337.0	86838.0	80767.0	79457.0	76180.0	74541.0	72932.0	71192.0	71737.0	69033.0	66530.0	66073.0	62399.0	61236.0	60226.0	64035.0	59782.0	58467.0	58928.0	58826.0	59431.0	57374.0	57515.0	56746.0	55454.0	56020.0	55008.0	50391.0	47022.0	63277.0	196896.0	230025.0	276079.0	200062.0	161537.0
B3-T036G_S213_L099_R1_cmb	64069.0	60293.0	58639.0	57830.0	62233.0	58994.0	58372.0	55327.0	55050.0	53916.0	51376.0	52552.0	51256.0	49449.0	49176.0	46171.0	45285.0	44559.0	46516.0	43003.0	42915.0	42207.0	43312.0	43505.0	43489.0	42344.0	42321.0	40858.0	42118.0	41933.0	37228.0	35193.0	51285.0	177006.0	197407.0	235135.0	189313.0	125394.0
B4-T003FX_S221_L099_R1_cmb	72139.0	66225.0	61792.0	61077.0	66448.0	59564.0	61114.0	57628.0	53348.0	56348.0	51778.0	54022.0	52677.0	50185.0	51878.0	45760.0	46413.0	45068.0	47314.0	41323.0	42229.0	43187.0	42976.0	47798.0	43911.0	44502.0	46365.0	41875.0	43802.0	41629.0	38960.0	35968.0	53095.0	201538.0	200821.0	218729.0	184842.0	102565.0
B4-T127F_S125_L099_R1_cmb	114965.0	105773.0	95693.0	93398.0	101490.0	85986.0	85747.0	82663.0	78857.0	80084.0	74652.0	73630.0	74393.0	68833.0	66361.0	59839.0	63002.0	61503.0	61176.0	56144.0	53996.0	54679.0	55317.0	57585.0	53846.0	53855.0	55179.0	52084.0	52784.0	50966.0	46754.0	43245.0	59683.0	184098.0	204811.0	227717.0	168677.0	130543.0
B5-T011FX_S229_L099_R1_cmb	65196.0	60017.0	55768.0	55234.0	59969.0	52775.0	54363.0	50573.0	48192.0	49771.0	46382.0	50811.0	47057.0	44563.0	46172.0	40285.0	41076.0	40051.0	41121.0	35775.0	36809.0	36930.0	36577.0	41090.0	36176.0	39106.0	38802.0	36034.0	35933.0	36348.0	32959.0	30557.0	44081.0	175848.0	182490.0	197497.0	158647.0	102937.0
B5-T135F_S133_L099_R1_cmb	99099.0	91495.0	84094.0	85381.0	89003.0	80312.0	77168.0	74335.0	71575.0	72904.0	68409.0	69260.0	68434.0	64015.0	64885.0	57016.0	60063.0	58953.0	59569.0	54079.0	53879.0	53445.0	54203.0	56674.0	53868.0	54498.0	54495.0	51011.0	52043.0	48758.0	46897.0	42772.0	61097.0	195348.0	220416.0	250753.0	183028.0	144864.0
B6-T131G_S141_L099_R1_cmb	93957.0	89654.0	87685.0	88085.0	93753.0	87587.0	84668.0	83181.0	82358.0	80600.0	77931.0	79141.0	77775.0	74305.0	74176.0	69963.0	69164.0	68919.0	73455.0	66799.0	65908.0	66067.0	66929.0	68990.0	66752.0	65458.0	66100.0	64263.0	64289.0	63514.0	57883.0	54521.0	72144.0	236198.0	279313.0	326627.0	249688.0	194506.0
B7-T049F_S149_L099_R1_cmb	91011.0	86910.0	76275.0	78564.0	84033.0	72151.0	71960.0	69518.0	65524.0	69194.0	64330.0	66037.0	64687.0	62657.0	60742.0	53250.0	56178.0	56683.0	53158.0	49134.0	48825.0	48886.0	49491.0	51829.0	49169.0	52494.0	49540.0	48176.0	50049.0	47559.0	44138.0	42345.0	57667.0	196886.0	214982.0	231503.0	166350.0	126768.0
B8-T111F_S157_L099_R1_cmb	100122.0	91597.0	85625.0	85326.0	89091.0	76136.0	75326.0	73458.0	69741.0	72787.0	66348.0	67679.0	66536.0	61069.0	61535.0	52330.0	58112.0	56231.0	55576.0	49889.0	50988.0	50011.0	50599.0	51305.0	49703.0	51698.0	50262.0	46668.0	46208.0	44879.0	42821.0	39027.0	55697.0	176197.0	208257.0	227575.0	163341.0	137305.0
B9-T056G_S165_L099_R1_cmb	78209.0	74322.0	73268.0	73087.0	76571.0	71048.0	71466.0	69411.0	68024.0	66737.0	65754.0	65556.0	64454.0	61007.0	61409.0	58265.0	56889.0	57666.0	58958.0	55384.0	53857.0	55007.0	55215.0	55888.0	54566.0	54027.0	54346.0	53475.0	53072.0	53225.0	48263.0	44761.0	59841.0	197556.0	221886.0	267574.0	208496.0	151507.0
C1-T003F_S102_L099_R1_cmb	56262.0	49435.0	46107.0	46660.0	53392.0	45652.0	47543.0	46347.0	43472.0	46752.0	42828.0	44724.0	44135.0	43052.0	43562.0	37137.0	37505.0	38624.0	41419.0	34320.0	35496.0	36425.0	34695.0	41576.0	38258.0	37196.0	39027.0	34540.0	35655.0	33511.0	31678.0	29467.0	53406.0	217026.0	209656.0	202430.0	180738.0	85510.0
C1-T033F_S198_L099_R1_cmb	94429.0	87916.0	81066.0	81328.0	84186.0	75433.0	74055.0	70473.0	67792.0	70076.0	65328.0	65177.0	63633.0	59433.0	59571.0	53416.0	55870.0	53931.0	56549.0	50331.0	48604.0	48242.0	49281.0	51100.0	48637.0	50333.0	48686.0	46414.0	47145.0	44967.0	42436.0	40173.0	55787.0	182213.0	209939.0	242987.0	173396.0	144389.0
C10-T017F_S174_L099_R1_cmb	79559.0	72418.0	66968.0	66054.0	71894.0	62682.0	62225.0	59492.0	56173.0	58383.0	55452.0	55100.0	54038.0	51098.0	49742.0	44297.0	46052.0	46455.0	45053.0	39966.0	39837.0	39667.0	40934.0	42055.0	39546.0	42018.0	39981.0	37551.0	38595.0	36452.0	33702.0	32350.0	46279.0	147252.0	164263.0	188281.0	136322.0	107059.0
C11-T119F_S182_L099_R1_cmb	77620.0	71864.0	65961.0	63028.0	65943.0	60426.0	58293.0	56423.0	54744.0	58727.0	53218.0	53013.0	53513.0	50456.0	50855.0	44182.0	47539.0	48684.0	48093.0	40445.0	41885.0	41496.0	43361.0	43970.0	40320.0	43028.0	43170.0	39590.0	40408.0	37861.0	35554.0	34499.0	51560.0	182095.0	185582.0	206014.0	159449.0	105481.0
C12-T025G_S190_L099_R1_cmb	67637.0	63204.0	60089.0	58626.0	62413.0	58197.0	58598.0	55531.0	54141.0	54385.0	51868.0	52774.0	52192.0	50046.0	50661.0	47344.0	45964.0	45842.0	49135.0	44076.0	42500.0	42976.0	43447.0	45077.0	43985.0	43528.0	43209.0	42281.0	43388.0	40959.0	38823.0	36284.0	53751.0	191521.0	204457.0	243239.0	207563.0	119765.0
C2-T011F_S110_L099_R1_cmb	63953.0	58404.0	53392.0	52215.0	57622.0	50015.0	49065.0	47163.0	45495.0	48219.0	44714.0	45810.0	44053.0	41641.0	41213.0	35716.0	39016.0	38459.0	38800.0	33921.0	33582.0	33756.0	34233.0	36738.0	33774.0	35378.0	35493.0	32809.0	32879.0	30662.0	28545.0	27324.0	41919.0	147498.0	145787.0	155025.0	130973.0	71433.0
C2-T041F_S206_L099_R1_cmb	92210.0	84272.0	77540.0	76929.0	81367.0	73278.0	68811.0	68845.0	65764.0	68865.0	62792.0	63285.0	63320.0	58894.0	60116.0	52743.0	55947.0	55353.0	56653.0	48470.0	49194.0	49666.0	50762.0	52006.0	48608.0	49161.0	50105.0	46684.0	47959.0	44552.0	42137.0	41381.0	57799.0	203114.0	226159.0	256082.0	187207.0	146916.0
C3-T007G_S118_L099_R1_cmb	64035.0	59893.0	57460.0	57673.0	61089.0	58103.0	57049.0	55396.0	56156.0	55144.0	53369.0	53551.0	51551.0	49234.0	49777.0	47915.0	46794.0	45344.0	48950.0	44299.0	44136.0	43650.0	44442.0	44954.0	44607.0	45140.0	44613.0	43089.0	43223.0	42541.0	39313.0	36181.0	53478.0	186101.0	192293.0	226090.0	199189.0	108854.0
C3-T037G_S214_L099_R1_cmb	61761.0	58591.0	56870.0	56349.0	60723.0	56277.0	56721.0	54602.0	54966.0	52779.0	50239.0	51029.0	50472.0	47963.0	49295.0	46150.0	45544.0	44871.0	48108.0	43142.0	43072.0	43130.0	43662.0	43432.0	44648.0	42613.0	43512.0	41065.0	41147.0	41660.0	38071.0	36093.0	52769.0	180322.0	196681.0	237943.0	195189.0	125063.0
C4-T004FX_S222_L099_R1_cmb	76641.0	69124.0	63651.0	64672.0	70473.0	62954.0	65662.0	61599.0	61597.0	61420.0	57077.0	59072.0	57550.0	57001.0	57699.0	52266.0	53597.0	50482.0	52789.0	47477.0	49894.0	47338.0	48706.0	54224.0	49182.0	52655.0	52384.0	47768.0	48871.0	47964.0	44309.0	42657.0	60215.0	245513.0	249934.0	271806.0	225513.0	132791.0
C4-T128F_S126_L099_R1_cmb	85310.0	79239.0	70481.0	72436.0	76567.0	67186.0	66287.0	64836.0	62448.0	65418.0	61461.0	61963.0	59185.0	57019.0	56869.0	50370.0	53462.0	53897.0	51599.0	45575.0	46055.0	46178.0	46790.0	49462.0	45522.0	48061.0	48821.0	45409.0	45983.0	44030.0	40848.0	39144.0	54406.0	186898.0	199479.0	220624.0	168287.0	116971.0
C5-T012FX_S230_L099_R1_cmb	80411.0	71266.0	66610.0	65543.0	70610.0	64593.0	64901.0	61545.0	59053.0	59294.0	54980.0	57355.0	55477.0	53107.0	53384.0	47612.0	48465.0	47822.0	49023.0	43621.0	43762.0	44597.0	44519.0	48309.0	45420.0	47242.0	47500.0	42746.0	44923.0	43705.0	40189.0	36852.0	51458.0	195660.0	198974.0	218089.0	182028.0	106748.0
C5-T136F_S134_L099_R1_cmb	91609.0	84225.0	78917.0	77762.0	84370.0	74883.0	74478.0	70984.0	68720.0	69310.0	67898.0	65695.0	65262.0	60015.0	61383.0	53911.0	57160.0	54746.0	56631.0	50768.0	50125.0	49949.0	51293.0	53955.0	50629.0	51979.0	50896.0	48054.0	48764.0	46542.0	44025.0	41765.0	56563.0	188924.0	208184.0	237140.0	180173.0	132960.0
C6-T132G_S142_L099_R1_cmb	59640.0	55634.0	54544.0	55344.0	58041.0	55533.0	53684.0	51708.0	50695.0	50770.0	49071.0	49517.0	48655.0	47010.0	47135.0	44770.0	42708.0	41848.0	46447.0	41615.0	41380.0	41484.0	42753.0	41930.0	41633.0	40771.0	41578.0	39513.0	39944.0	39502.0	36152.0	33503.0	49928.0	167481.0	182481.0	216160.0	180083.0	113733.0
C7-T051F_S150_L099_R1_cmb	30558.0	24387.0	19965.0	20130.0	21125.0	20386.0	18943.0	16147.0	17051.0	18985.0	15328.0	16358.0	15821.0	15239.0	18735.0	12204.0	14366.0	14209.0	15491.0	11293.0	9826.0	10537.0	14133.0	15279.0	11025.0	10136.0	10817.0	9796.0	11314.0	9842.0	9195.0	11593.0	30728.0	102573.0	109058.0	99806.0	69700.0	40624.0
C8-T112F_S158_L099_R1_cmb	79928.0	74452.0	65393.0	67126.0	73105.0	61506.0	62093.0	60291.0	58372.0	61116.0	56937.0	57148.0	57346.0	53667.0	51598.0	46391.0	49112.0	50142.0	46679.0	43958.0	41772.0	43317.0	43014.0	45536.0	41571.0	43570.0	42522.0	40932.0	41701.0	39584.0	37391.0	35035.0	50726.0	171248.0	186255.0	204920.0	158107.0	112145.0
C9-T057G_S166_L099_R1_cmb	88928.0	84700.0	82392.0	81560.0	85202.0	80888.0	78710.0	74643.0	73290.0	71841.0	68801.0	69085.0	68216.0	65060.0	64852.0	60980.0	60653.0	59720.0	61418.0	57357.0	56702.0	56671.0	57076.0	59023.0	57146.0	57567.0	55855.0	55591.0	56018.0	55607.0	50114.0	47200.0	65223.0	215136.0	234180.0	286218.0	220970.0	152443.0
D1-T004F_S103_L099_R1_cmb	57696.0	52010.0	47404.0	48476.0	54118.0	45590.0	48390.0	46663.0	48488.0	48213.0	43398.0	45333.0	44916.0	44098.0	43581.0	39913.0	41794.0	41148.0	41356.0	37317.0	37513.0	36036.0	37947.0	42161.0	37319.0	39920.0	39361.0	35128.0	36741.0	33817.0	31979.0	31866.0	54848.0	216090.0	203242.0	195522.0	184694.0	78537.0
D1-T034F_S199_L099_R1_cmb	75852.0	70836.0	63731.0	64981.0	68840.0	60753.0	60169.0	57552.0	56165.0	57787.0	54198.0	53235.0	53367.0	51051.0	50648.0	44824.0	47924.0	46652.0	46956.0	42184.0	41580.0	41601.0	43009.0	44939.0	42306.0	41874.0	40056.0	39973.0	39991.0	39475.0	35930.0	34963.0	50884.0	177592.0	200706.0	227329.0	166203.0	129008.0
D10-T019F_S175_L099_R1_cmb	92628.0	86746.0	78669.0	76957.0	84223.0	73066.0	71246.0	72894.0	68090.0	69906.0	63933.0	65219.0	64695.0	60121.0	59818.0	52356.0	56657.0	56115.0	55870.0	50701.0	48561.0	50509.0	49097.0	52192.0	48310.0	48964.0	49772.0	45510.0	47203.0	43583.0	40872.0	38554.0	55149.0	168189.0	184113.0	205224.0	156037.0	114127.0
D11-T014G_S183_L099_R1_cmb	75661.0	70704.0	69305.0	69419.0	73217.0	69386.0	67471.0	65012.0	63892.0	63517.0	60367.0	61695.0	60516.0	58140.0	58554.0	54337.0	54343.0	52628.0	55924.0	50153.0	50669.0	50640.0	51202.0	52583.0	50681.0	51001.0	49222.0	49165.0	49924.0	48963.0	44463.0	41401.0	59898.0	201195.0	227127.0	275807.0	209597.0	152404.0
D12-T026G_S191_L099_R1_cmb	86369.0	81457.0	76777.0	77250.0	81194.0	77902.0	74202.0	72011.0	67801.0	68784.0	65319.0	68366.0	64853.0	61388.0	61804.0	58095.0	57142.0	56260.0	59803.0	53924.0	54039.0	55090.0	54568.0	55741.0	53905.0	53026.0	55431.0	51947.0	53106.0	50926.0	46820.0	44226.0	63312.0	213201.0	231039.0	280118.0	217548.0	145927.0
D2-T012F_S111_L099_R1_cmb	87349.0	79239.0	71877.0	72111.0	78093.0	68740.0	68747.0	66713.0	63764.0	66393.0	62099.0	60555.0	61175.0	57162.0	59093.0	51357.0	53936.0	54234.0	55154.0	47939.0	46357.0	49153.0	48528.0	51694.0	48412.0	50272.0	50894.0	45158.0	47472.0	45093.0	42739.0	39763.0	58827.0	212180.0	216456.0	231601.0	187968.0	111637.0
D2-T029G_S207_L099_R1_cmb	78086.0	74883.0	74505.0	72661.0	78314.0	71181.0	69688.0	68562.0	66589.0	63725.0	61938.0	63836.0	61529.0	58809.0	60460.0	56740.0	55245.0	55012.0	57398.0	52650.0	51832.0	51070.0	52438.0	54181.0	53188.0	52354.0	52171.0	50359.0	50414.0	49793.0	45627.0	43063.0	56352.0	182752.0	224127.0	270931.0	191330.0	166439.0
D3-T008G_S119_L099_R1_cmb	102276.0	96495.0	93026.0	92523.0	96978.0	92992.0	90847.0	86235.0	85345.0	84706.0	82176.0	82345.0	79787.0	76808.0	77226.0	72775.0	72486.0	69466.0	73734.0	67354.0	66919.0	67882.0	68440.0	68599.0	69123.0	67779.0	67265.0	63589.0	64853.0	64254.0	59641.0	55114.0	78444.0	263995.0	283494.0	340169.0	275260.0	164081.0
D3-T038G_S215_L099_R1_cmb	81160.0	77926.0	74978.0	74275.0	79291.0	73325.0	73575.0	71181.0	70756.0	68739.0	66994.0	66560.0	66016.0	62523.0	62900.0	59669.0	57794.0	57815.0	62226.0	55595.0	55324.0	56366.0	54626.0	56294.0	56102.0	54618.0	55300.0	53318.0	54139.0	52823.0	48829.0	45865.0	63501.0	215661.0	240492.0	288669.0	231127.0	157315.0
D4-T005FX_S223_L099_R1_cmb	76222.0	71814.0	62981.0	62665.0	67891.0	59979.0	61820.0	59398.0	56280.0	58803.0	54401.0	55153.0	53781.0	52835.0	52131.0	48087.0	48597.0	47114.0	47250.0	43453.0	43997.0	42585.0	45112.0	49494.0	43007.0	45799.0	44464.0	43436.0	43825.0	42732.0	39350.0	36308.0	51318.0	200794.0	200713.0	220679.0	180083.0	106015.0
D4-T129F_S127_L099_R1_cmb	102792.0	94117.0	83671.0	84224.0	88857.0	77615.0	76826.0	76147.0	74741.0	76572.0	69367.0	69372.0	70955.0	66377.0	65786.0	57985.0	61555.0	61975.0	60049.0	50997.0	51922.0	53415.0	54217.0	56292.0	52517.0	55231.0	53815.0	51327.0	50456.0	47461.0	47362.0	43679.0	63391.0	213506.0	224181.0	243525.0	184075.0	125122.0
D5-T137F_S135_L099_R1_cmb	87723.0	82824.0	71599.0	73187.0	79787.0	67884.0	67526.0	65468.0	63711.0	66008.0	61665.0	62152.0	60420.0	57611.0	57394.0	50466.0	52158.0	52737.0	51466.0	46078.0	45688.0	47599.0	46301.0	49924.0	46205.0	47054.0	47953.0	44898.0	47506.0	43905.0	40828.0	38370.0	54433.0	179307.0	190700.0	210474.0	159276.0	110509.0
D6-T133G_S143_L099_R1_cmb	91377.0	85974.0	83888.0	83713.0	89380.0	82872.0	81249.0	78260.0	78518.0	75508.0	72551.0	73599.0	72927.0	68317.0	70134.0	65210.0	64965.0	63943.0	66915.0	60629.0	60642.0	60860.0	60102.0	63379.0	62443.0	60272.0	60855.0	58698.0	57996.0	57477.0	53660.0	51237.0	74574.0	262879.0	290667.0	335372.0	282595.0	178082.0
D7-T052F_S151_L099_R1_cmb	100820.0	93138.0	83817.0	84091.0	87616.0	78456.0	76572.0	75332.0	71199.0	72535.0	69737.0	69430.0	70152.0	62241.0	65945.0	56560.0	61440.0	60721.0	57036.0	55839.0	53639.0	52611.0	55634.0	56382.0	54508.0	55415.0	55151.0	50938.0	52632.0	51305.0	47308.0	43941.0	60597.0	204409.0	220643.0	245348.0	185587.0	132075.0
D8-T046G_S159_L099_R1_cmb	76490.0	72364.0	69070.0	69664.0	75132.0	68885.0	69162.0	67818.0	66373.0	64957.0	62736.0	65074.0	63835.0	59818.0	59165.0	56489.0	55685.0	54329.0	57862.0	53130.0	52651.0	52144.0	51850.0	53758.0	53932.0	51859.0	51877.0	49697.0	50870.0	49936.0	45150.0	42629.0	58114.0	196319.0	234391.0	274316.0	206821.0	152409.0
D9-T058G_S167_L099_R1_cmb	96848.0	92348.0	89575.0	88891.0	93389.0	86865.0	85182.0	82606.0	79155.0	77755.0	75304.0	74966.0	73229.0	70290.0	70447.0	66711.0	64062.0	64110.0	67086.0	62039.0	61468.0	61655.0	62357.0	62290.0	61902.0	60684.0	60108.0	58541.0	59300.0	58943.0	53723.0	49691.0	66632.0	215422.0	248218.0	302628.0	224996.0	174295.0
E1-T005F_S104_L099_R1_cmb	51473.0	47050.0	41306.0	41828.0	46727.0	39735.0	40941.0	40324.0	38059.0	42097.0	36830.0	37736.0	36918.0	36969.0	35391.0	33052.0	34180.0	36338.0	34335.0	30592.0	29441.0	29436.0	32058.0	34940.0	29937.0	33260.0	32390.0	30090.0	30551.0	27917.0	27374.0	24899.0	46390.0	171546.0	150481.0	154892.0	143774.0	56617.0
E1-T035F_S200_L099_R1_cmb	66974.0	61433.0	58939.0	59381.0	64030.0	57820.0	55380.0	55848.0	53186.0	55979.0	52178.0	52607.0	52371.0	50246.0	50113.0	45726.0	47782.0	48029.0	47507.0	41974.0	41462.0	42369.0	42898.0	45207.0	41588.0	41989.0	43017.0	40422.0	42185.0	39200.0	36580.0	35753.0	50246.0	176968.0	212216.0	242965.0	171301.0	149044.0
E10-T021F_S176_L099_R1_cmb	82193.0	78100.0	71915.0	71908.0	76934.0	70378.0	66565.0	65029.0	61813.0	63083.0	60234.0	59891.0	58341.0	54393.0	55703.0	51066.0	50550.0	50186.0	51344.0	46265.0	46287.0	45732.0	49543.0	48709.0	44835.0	45608.0	46231.0	42942.0	43116.0	41076.0	38706.0	36166.0	51810.0	163348.0	190196.0	225432.0	161203.0	136163.0
E11-T015G_S184_L099_R1_cmb	80614.0	75967.0	72502.0	73206.0	77681.0	72816.0	70398.0	68257.0	67680.0	67057.0	63754.0	64559.0	62748.0	60069.0	61116.0	57440.0	55626.0	54892.0	59408.0	53717.0	53694.0	53875.0	53943.0	54099.0	52691.0	51451.0	52994.0	51205.0	52154.0	50857.0	46176.0	43878.0	60616.0	197958.0	224407.0	268807.0	203430.0	153353.0
E12-T027G_S192_L099_R1_cmb	61549.0	59014.0	56617.0	56636.0	59681.0	55886.0	55426.0	53978.0	51498.0	51691.0	49909.0	49535.0	48469.0	46583.0	46429.0	44461.0	43227.0	42798.0	45152.0	41140.0	40875.0	40137.0	41147.0	41011.0	40450.0	40881.0	41352.0	38429.0	40719.0	39351.0	36164.0	33808.0	47520.0	159867.0	187703.0	225421.0	166948.0	133179.0
E2-T001G_S112_L099_R1_cmb	82631.0	77242.0	73374.0	71555.0	76815.0	72729.0	70238.0	68223.0	66176.0	65797.0	63111.0	65008.0	61110.0	58999.0	59663.0	55432.0	55050.0	53107.0	55380.0	52547.0	50948.0	50695.0	51201.0	53139.0	50784.0	51282.0	52099.0	48654.0	50589.0	48432.0	45192.0	42358.0	62029.0	212375.0	222365.0	261204.0	213141.0	124522.0
E2-T030G_S208_L099_R1_cmb	75618.0	71559.0	68976.0	69127.0	74227.0	70334.0	67708.0	66256.0	65554.0	64196.0	62032.0	61827.0	62100.0	59336.0	59824.0	56260.0	56409.0	54487.0	58166.0	53536.0	53636.0	52277.0	52707.0	54306.0	53447.0	52376.0	51948.0	50979.0	50720.0	50747.0	47033.0	44400.0	61557.0	212506.0	249596.0	302421.0	229645.0	174399.0
E3-T009G_S120_L099_R1_cmb	89708.0	83633.0	78432.0	79214.0	83137.0	78950.0	77430.0	74455.0	72642.0	73095.0	70547.0	70350.0	68642.0	65631.0	65178.0	62369.0	61122.0	59145.0	61367.0	58463.0	57249.0	57829.0	56869.0	60203.0	58275.0	57858.0	56853.0	56167.0	56275.0	56041.0	52239.0	47902.0	67395.0	228768.0	240053.0	289624.0	240232.0	138012.0
E3-T039G_S216_L099_R1_cmb	57945.0	56434.0	53012.0	53478.0	56311.0	55110.0	52130.0	49936.0	49006.0	49265.0	47565.0	47588.0	45511.0	44611.0	44578.0	41888.0	41139.0	39104.0	42495.0	39372.0	38312.0	38932.0	38449.0	40818.0	38857.0	38606.0	38031.0	37126.0	37789.0	37037.0	34448.0	31596.0	46560.0	163962.0	178568.0	209777.0	174625.0	109761.0
E4-T006FX_S224_L099_R1_cmb	82957.0	78156.0	70950.0	67020.0	74660.0	65691.0	65726.0	61710.0	58742.0	59219.0	56233.0	56878.0	56572.0	52639.0	51749.0	45127.0	47515.0	45026.0	48439.0	42889.0	42253.0	42957.0	41859.0	47086.0	42731.0	43392.0	43664.0	41847.0	44528.0	41747.0	39130.0	35352.0	52508.0	191525.0	193096.0	212775.0	171852.0	103718.0
E4-T130F_S128_L099_R1_cmb	59357.0	56061.0	49896.0	51678.0	57631.0	48364.0	48071.0	47185.0	45178.0	48575.0	45009.0	45875.0	45274.0	42997.0	43584.0	38278.0	39899.0	39719.0	43120.0	36191.0	35662.0	35497.0	37040.0	39012.0	35531.0	35568.0	37558.0	35271.0	36373.0	33107.0	32401.0	31942.0	50418.0	190482.0	218370.0	239992.0	170965.0	134330.0
E5-T126G_S136_L099_R1_cmb	72321.0	68310.0	68673.0	68591.0	70399.0	67099.0	65344.0	64166.0	63292.0	61872.0	59352.0	60117.0	59111.0	56055.0	57213.0	54481.0	52922.0	52483.0	54599.0	50571.0	49876.0	49433.0	50457.0	51763.0	51747.0	49883.0	50477.0	48847.0	47650.0	48458.0	44130.0	41418.0	57094.0	192790.0	219352.0	259475.0	204567.0	146429.0
E6-T134G_S144_L099_R1_cmb	82910.0	78826.0	77007.0	76810.0	82349.0	76237.0	76833.0	72777.0	72345.0	70169.0	68381.0	69595.0	68942.0	64627.0	66593.0	62433.0	60981.0	60863.0	64282.0	59756.0	58791.0	59043.0	59167.0	60288.0	59239.0	57806.0	58564.0	56971.0	57393.0	56171.0	51769.0	48673.0	66116.0	213018.0	258748.0	304653.0	228563.0	186540.0
E7-T055F_S152_L099_R1_cmb	93073.0	86907.0	78123.0	78784.0	84278.0	74232.0	72519.0	70085.0	68758.0	69189.0	66117.0	65007.0	65914.0	60216.0	61486.0	54513.0	58005.0	58811.0	55554.0	52740.0	50703.0	50820.0	52550.0	56158.0	50218.0	51547.0	51488.0	47840.0	48976.0	45989.0	44625.0	42368.0	57103.0	196309.0	218164.0	241661.0	179651.0	136004.0
E8-T047G_S160_L099_R1_cmb	83578.0	79539.0	78140.0	77486.0	82453.0	77292.0	75733.0	74163.0	72043.0	70919.0	67717.0	67730.0	66951.0	63684.0	64986.0	61796.0	59207.0	59012.0	63106.0	56600.0	57125.0	56846.0	58172.0	58441.0	56768.0	55800.0	56464.0	54206.0	56565.0	54253.0	50054.0	46938.0	66600.0	220342.0	251350.0	298513.0	227655.0	172416.0
E9-T110G_S168_L099_R1_cmb	76651.0	73185.0	71600.0	71261.0	74699.0	70895.0	68983.0	67954.0	66341.0	65188.0	62901.0	64392.0	62487.0	59040.0	59090.0	56421.0	54659.0	55403.0	58095.0	53992.0	52176.0	52601.0	53377.0	54558.0	52771.0	51739.0	52781.0	51156.0	51900.0	50527.0	46639.0	43401.0	58579.0	192018.0	219157.0	259940.0	200362.0	150497.0
F1-T006F_S105_L099_R1_cmb	59817.0	55748.0	50093.0	49003.0	57174.0	47273.0	47304.0	46085.0	44504.0	47151.0	42525.0	42945.0	42750.0	41231.0	39109.0	34737.0	36085.0	37540.0	38406.0	32476.0	32045.0	33662.0	33136.0	35898.0	31708.0	33288.0	33810.0	31667.0	32623.0	29381.0	27782.0	26741.0	47006.0	168939.0	160243.0	163267.0	145447.0	67565.0
F1-T036F_S201_L099_R1_cmb	62609.0	56720.0	53135.0	53099.0	56371.0	50843.0	48255.0	47300.0	43078.0	45150.0	41678.0	43651.0	40997.0	40105.0	39245.0	34423.0	37706.0	36103.0	36900.0	32215.0	31831.0	31632.0	32045.0	33758.0	31136.0	32245.0	32174.0	29407.0	30552.0	29163.0	26514.0	25612.0	40725.0	138782.0	156858.0	177937.0	129043.0	98408.0
F10-T023F_S177_L099_R1_cmb	89334.0	82393.0	75729.0	75395.0	80619.0	71443.0	72315.0	69471.0	67106.0	70096.0	65327.0	65072.0	63375.0	61064.0	59325.0	53706.0	57647.0	56669.0	55341.0	49312.0	49676.0	50286.0	50575.0	52652.0	50965.0	51382.0	49666.0	48175.0	48875.0	46924.0	44229.0	41824.0	57606.0	189607.0	204689.0	234681.0	178959.0	124363.0
F11-T016G_S185_L099_R1_cmb	71384.0	68584.0	65336.0	66392.0	70047.0	66393.0	63538.0	61731.0	59792.0	59066.0	56196.0	57780.0	56901.0	53489.0	52214.0	51230.0	49018.0	49379.0	51933.0	47408.0	46719.0	46173.0	46777.0	51080.0	47261.0	46569.0	46536.0	44737.0	46042.0	45251.0	41869.0	38399.0	52735.0	174792.0	202876.0	243236.0	178713.0	144445.0
F12-T118G_S193_L099_R1_cmb	59639.0	56628.0	53681.0	55098.0	58108.0	54730.0	53397.0	51695.0	51035.0	51022.0	48091.0	49680.0	47441.0	45374.0	46625.0	44076.0	42306.0	41714.0	45014.0	40849.0	40358.0	40473.0	40196.0	41653.0	40464.0	39452.0	41008.0	38521.0	39550.0	39104.0	35154.0	33265.0	49345.0	169819.0	185800.0	223853.0	179427.0	117410.0
F2-T002G_S113_L099_R1_cmb	65267.0	60479.0	57359.0	57507.0	59841.0	58317.0	55980.0	53255.0	53344.0	53338.0	51074.0	50173.0	49037.0	47580.0	48061.0	44583.0	42926.0	42014.0	46026.0	40302.0	41024.0	41303.0	41146.0	42079.0	40915.0	41042.0	41149.0	38016.0	39930.0	38723.0	35253.0	33068.0	50033.0	172938.0	167703.0	204740.0	176228.0	90862.0
F2-T031G_S209_L099_R1_cmb	57073.0	53646.0	51837.0	52370.0	56203.0	52103.0	52027.0	49525.0	48857.0	48477.0	46559.0	46867.0	47315.0	44447.0	45375.0	42411.0	41342.0	41832.0	43709.0	39749.0	38848.0	39111.0	40731.0	42291.0	41001.0	40578.0	39612.0	39090.0	39463.0	39203.0	36593.0	32878.0	44834.0	156336.0	174794.0	214193.0	167819.0	116574.0
F3-T010G_S121_L099_R1_cmb	75113.0	69370.0	67340.0	67066.0	71301.0	67248.0	65441.0	62874.0	62792.0	62081.0	59876.0	61083.0	58421.0	55817.0	56687.0	52635.0	52301.0	52120.0	54472.0	48924.0	48796.0	50715.0	49735.0	51662.0	50482.0	49515.0	48810.0	48680.0	48825.0	48185.0	43555.0	40627.0	56992.0	200017.0	210280.0	253408.0	213638.0	122323.0
F3-T040G_S217_L099_R1_cmb	74352.0	70475.0	67096.0	67462.0	71188.0	68668.0	65843.0	62810.0	62158.0	60881.0	57808.0	60588.0	58396.0	55685.0	56092.0	52995.0	51492.0	51316.0	54022.0	48726.0	49279.0	48822.0	48705.0	51182.0	50197.0	49253.0	49028.0	46890.0	47145.0	46528.0	42863.0	40277.0	58525.0	204926.0	220046.0	266727.0	219240.0	136832.0
F4-T007FX_S225_L099_R1_cmb	50086.0	44729.0	42480.0	43208.0	46708.0	42063.0	42396.0	40772.0	39202.0	41564.0	38075.0	41667.0	39492.0	37844.0	38795.0	33726.0	34686.0	35534.0	36752.0	31526.0	33977.0	30143.0	30741.0	34531.0	33208.0	35200.0	32148.0	30297.0	29258.0	30159.0	27224.0	26761.0	47061.0	199316.0	195062.0	196288.0	180862.0	82360.0
F4-T131F_S129_L099_R1_cmb	91416.0	82647.0	75965.0	75837.0	82416.0	72699.0	72449.0	71272.0	67331.0	71924.0	67646.0	67728.0	70839.0	63988.0	64238.0	56077.0	62996.0	61578.0	59963.0	53899.0	54062.0	54760.0	55398.0	58686.0	54807.0	55666.0	58116.0	52022.0	54601.0	52398.0	48692.0	48467.0	66257.0	237432.0	254661.0	284231.0	216430.0	148688.0
F5-T127G_S137_L099_R1_cmb	59722.0	57262.0	55032.0	54216.0	58729.0	54964.0	54411.0	53566.0	52228.0	51523.0	49016.0	50401.0	48834.0	46432.0	47272.0	44889.0	43275.0	43159.0	46365.0	40978.0	40935.0	40725.0	41773.0	43951.0	41738.0	40814.0	41193.0	40729.0	39962.0	40239.0	35897.0	34165.0	48567.0	168718.0	187399.0	220508.0	181741.0	117647.0
F6-T135G_S145_L099_R1_cmb	66909.0	63185.0	62595.0	62151.0	65641.0	61935.0	60474.0	59129.0	58309.0	56107.0	53998.0	55035.0	54223.0	51135.0	52365.0	49110.0	47903.0	47352.0	51832.0	47273.0	45404.0	46403.0	46274.0	48701.0	47671.0	45903.0	46561.0	44923.0	44620.0	44591.0	40381.0	38336.0	55918.0	194083.0	212010.0	251512.0	209402.0	131006.0
F7-T056F_S153_L099_R1_cmb	72342.0	67170.0	60860.0	60538.0	64709.0	56730.0	55380.0	54717.0	54040.0	55902.0	50503.0	52518.0	52350.0	49944.0	48160.0	43355.0	46703.0	46450.0	46115.0	40077.0	40621.0	39668.0	41396.0	42784.0	38877.0	41157.0	41613.0	39357.0	39139.0	36858.0	34274.0	33882.0	52097.0	181077.0	194075.0	213427.0	162217.0	119236.0
F8-T049G_S161_L099_R1_cmb	70552.0	69461.0	65566.0	65036.0	70437.0	66576.0	65146.0	62436.0	61075.0	60407.0	58727.0	59130.0	57942.0	54701.0	54601.0	51644.0	50601.0	49706.0	53418.0	49442.0	49020.0	48826.0	49127.0	50754.0	49612.0	48438.0	48455.0	47463.0	48442.0	47168.0	42658.0	39479.0	54833.0	178555.0	203552.0	242920.0	186045.0	135546.0
F9-T111G_S169_L099_R1_cmb	42665.0	40862.0	40291.0	40773.0	42967.0	40549.0	40095.0	38740.0	37833.0	37605.0	35809.0	36739.0	35685.0	33521.0	34232.0	32060.0	31490.0	30717.0	32700.0	30235.0	30135.0	30136.0	29737.0	30459.0	29881.0	29202.0	29320.0	28475.0	28835.0	28441.0	25540.0	24330.0	36242.0	129952.0	150274.0	180070.0	139974.0	103166.0
G1-T007F_S106_L099_R1_cmb	61859.0	56965.0	50531.0	52106.0	59107.0	49587.0	52218.0	53630.0	48720.0	50117.0	48983.0	47905.0	49857.0	47565.0	45465.0	42485.0	42216.0	41859.0	43793.0	39503.0	38823.0	38161.0	38121.0	42767.0	38681.0	44840.0	39303.0	38172.0	38487.0	37836.0	35742.0	35116.0	52373.0	224098.0	224796.0	217193.0	179643.0	100889.0
G1-T037F_S202_L099_R1_cmb	68241.0	63369.0	57398.0	58336.0	61619.0	53686.0	53935.0	50996.0	49402.0	52283.0	46956.0	47931.0	47692.0	47767.0	45481.0	40330.0	42500.0	41274.0	43657.0	36235.0	36167.0	36811.0	36121.0	38497.0	35032.0	40312.0	35824.0	34644.0	34564.0	32637.0	30357.0	30073.0	46881.0	163694.0	177435.0	200367.0	147103.0	107834.0
G10-T025F_S178_L099_R1_cmb	69796.0	63845.0	60673.0	61638.0	67156.0	58679.0	58415.0	57082.0	55625.0	57518.0	54236.0	54338.0	55781.0	51734.0	52789.0	47184.0	49537.0	51109.0	48539.0	44078.0	43802.0	44094.0	45282.0	46530.0	44722.0	44767.0	44807.0	42527.0	42455.0	41320.0	38712.0	37411.0	51796.0	174174.0	203337.0	234024.0	172931.0	139001.0
G11-T017G_S186_L099_R1_cmb	70004.0	64749.0	62731.0	63095.0	67552.0	64229.0	62272.0	59533.0	58755.0	57984.0	55145.0	56145.0	54455.0	51869.0	52733.0	50832.0	47676.0	48037.0	51325.0	45091.0	46342.0	46117.0	46285.0	47121.0	45940.0	46058.0	46005.0	43589.0	46080.0	43657.0	40718.0	37607.0	54166.0	185944.0	200484.0	243796.0	193325.0	130104.0
G12-T119G_S194_L099_R1_cmb	79868.0	76117.0	73531.0	72828.0	74859.0	72098.0	70237.0	67679.0	66391.0	63965.0	61332.0	61959.0	60839.0	58056.0	57774.0	54456.0	53454.0	52403.0	56319.0	51517.0	51047.0	50981.0	51038.0	52894.0	50483.0	48961.0	50863.0	48471.0	49478.0	48946.0	44345.0	41626.0	59877.0	198718.0	223366.0	269742.0	202645.0	150814.0
G2-T003G_S114_L099_R1_cmb	73495.0	70365.0	65208.0	67089.0	69934.0	65559.0	64092.0	61675.0	60059.0	59561.0	56279.0	58448.0	55559.0	53018.0	53552.0	50397.0	48713.0	48075.0	52361.0	47535.0	47100.0	46847.0	47212.0	48554.0	47492.0	45596.0	47776.0	45330.0	46366.0	44080.0	40839.0	37876.0	56799.0	194075.0	195389.0	231896.0	198553.0	105424.0
G2-T033G_S210_L099_R1_cmb	59124.0	58232.0	54821.0	55198.0	58988.0	54699.0	53541.0	51562.0	50578.0	50645.0	47693.0	49527.0	47445.0	45466.0	45748.0	42650.0	42179.0	41412.0	45369.0	40648.0	40209.0	40075.0	39978.0	41016.0	40393.0	39554.0	39237.0	38282.0	39466.0	38308.0	34508.0	32477.0	45434.0	153415.0	180736.0	217315.0	160749.0	128812.0
G3-T011G_S122_L099_R1_cmb	78296.0	73231.0	69838.0	70884.0	73652.0	70348.0	68937.0	66903.0	65620.0	64211.0	62602.0	64042.0	61892.0	58457.0	59603.0	55488.0	55746.0	54100.0	57108.0	51885.0	51201.0	51800.0	51729.0	53615.0	52138.0	51862.0	51503.0	50168.0	50356.0	49486.0	45115.0	42033.0	57877.0	197127.0	214048.0	254286.0	210104.0	129938.0
G3-T041G_S218_L099_R1_cmb	71677.0	68540.0	67878.0	66743.0	70272.0	66164.0	63300.0	62777.0	60851.0	60235.0	58545.0	57150.0	57281.0	53768.0	54785.0	52172.0	50860.0	50191.0	54380.0	48615.0	48887.0	48936.0	48969.0	49873.0	49064.0	47269.0	47207.0	47906.0	46734.0	46491.0	42136.0	40138.0	60328.0	222697.0	247359.0	292144.0	238293.0	155198.0
G4-T008FX_S226_L099_R1_cmb	56760.0	51144.0	47396.0	46824.0	52496.0	46123.0	46955.0	43901.0	41022.0	43262.0	40649.0	42721.0	40612.0	39113.0	40690.0	35721.0	35175.0	34789.0	35779.0	32388.0	32012.0	32265.0	32399.0	36349.0	33425.0	33787.0	35362.0	32507.0	33304.0	31986.0	31143.0	26619.0	40010.0	150032.0	151559.0	162742.0	133358.0	79408.0
G4-T132F_S130_L099_R1_cmb	78914.0	71308.0	65875.0	65994.0	68954.0	61978.0	59800.0	58809.0	55054.0	57522.0	54362.0	55184.0	53129.0	51905.0	50209.0	42916.0	46650.0	46304.0	45252.0	39961.0	38710.0	39186.0	40086.0	40902.0	39241.0	41152.0	39106.0	37145.0	38511.0	36453.0	34202.0	32359.0	46138.0	158975.0	171654.0	188150.0	140154.0	101410.0
G5-T128G_S138_L099_R1_cmb	72962.0	69849.0	65289.0	65210.0	69729.0	66679.0	65026.0	63333.0	62678.0	61022.0	59537.0	60946.0	57810.0	56613.0	56641.0	53581.0	52659.0	51070.0	54852.0	50122.0	49101.0	49360.0	50320.0	50711.0	49343.0	48878.0	51240.0	47481.0	48636.0	47040.0	42884.0	40147.0	59324.0	211954.0	228679.0	274947.0	229201.0	139889.0
G6-T136G_S146_L099_R1_cmb	65830.0	63069.0	62235.0	60677.0	65891.0	59895.0	59578.0	57535.0	58787.0	55258.0	53485.0	54482.0	54403.0	51965.0	51540.0	48842.0	46917.0	47033.0	49866.0	46315.0	45650.0	44432.0	45626.0	47503.0	46919.0	45876.0	44869.0	43806.0	44280.0	43672.0	39765.0	36830.0	53503.0	186113.0	204283.0	240547.0	191905.0	128798.0
G7-T057F_S154_L099_R1_cmb	107341.0	99616.0	87677.0	89783.0	95855.0	84002.0	82335.0	80398.0	75758.0	77323.0	73961.0	73182.0	72413.0	67319.0	68511.0	61174.0	61877.0	62185.0	61178.0	54657.0	53636.0	56431.0	56375.0	58098.0	54624.0	55940.0	55925.0	53222.0	52961.0	51745.0	48362.0	45229.0	66488.0	223902.0	232099.0	255976.0	203018.0	127084.0
G8-T051G_S162_L099_R1_cmb	14609.0	13875.0	12559.0	12216.0	12953.0	16211.0	12607.0	11908.0	10820.0	15050.0	10187.0	12365.0	10222.0	10050.0	12275.0	9657.0	10992.0	10440.0	10905.0	8574.0	7935.0	8101.0	10335.0	11055.0	8206.0	8484.0	8444.0	7872.0	9229.0	7958.0	8140.0	9722.0	25974.0	86523.0	99860.0	99905.0	69838.0	49924.0
G9-T112G_S170_L099_R1_cmb	86171.0	83482.0	80847.0	81099.0	85290.0	78160.0	78267.0	76124.0	74428.0	72537.0	70378.0	71947.0	70459.0	66851.0	67009.0	64711.0	62567.0	61704.0	63813.0	60807.0	59686.0	60705.0	60002.0	61651.0	59630.0	60332.0	59171.0	57985.0	59160.0	57496.0	53640.0	50185.0	65436.0	214081.0	252833.0	303296.0	221930.0	183279.0
H1-T008F_S107_L099_R1_cmb	78606.0	71429.0	64515.0	64279.0	72418.0	62435.0	64265.0	63268.0	57962.0	60424.0	57646.0	57989.0	57090.0	54248.0	55088.0	48363.0	50212.0	51009.0	50531.0	45259.0	44464.0	44678.0	44233.0	49943.0	45469.0	50279.0	46768.0	44087.0	44284.0	43360.0	41425.0	38587.0	62379.0	244766.0	228079.0	219782.0	200478.0	91518.0
H1-T038F_S203_L099_R1_cmb	65200.0	60218.0	55123.0	55783.0	60180.0	53226.0	52872.0	51374.0	50671.0	53239.0	49195.0	49993.0	48964.0	48003.0	47979.0	41223.0	45222.0	43112.0	44873.0	38590.0	38952.0	38114.0	38750.0	42107.0	38334.0	41066.0	39057.0	36959.0	37951.0	35513.0	32971.0	32666.0	50334.0	181834.0	198161.0	223704.0	166750.0	121576.0
H10-T026F_S179_L099_R1_cmb	87365.0	80271.0	72035.0	72705.0	78940.0	67193.0	67170.0	63741.0	59867.0	62891.0	58595.0	59013.0	57634.0	54975.0	54140.0	45959.0	50685.0	49815.0	48545.0	44450.0	43330.0	43437.0	45108.0	46052.0	42115.0	42544.0	43415.0	39762.0	40851.0	38655.0	36590.0	34627.0	49751.0	154181.0	172407.0	192603.0	137610.0	110836.0
H11-T019G_S187_L099_R1_cmb	69620.0	64815.0	65087.0	64638.0	67899.0	63252.0	62784.0	60310.0	60968.0	59041.0	55738.0	56820.0	56397.0	53215.0	54078.0	50627.0	48943.0	48914.0	51719.0	47769.0	47202.0	47227.0	47674.0	49059.0	47712.0	47347.0	46774.0	45694.0	46128.0	45628.0	41655.0	39157.0	55491.0	195495.0	218285.0	258938.0	206150.0	139901.0
H12-T029F_S195_L099_R1_cmb	69319.0	62668.0	58648.0	60072.0	65817.0	56442.0	56579.0	55304.0	54607.0	55707.0	51966.0	52162.0	52767.0	50812.0	51859.0	46033.0	47367.0	47470.0	48724.0	41661.0	41584.0	43433.0	43373.0	45389.0	42714.0	44185.0	46502.0	41861.0	42924.0	40151.0	39100.0	37045.0	58014.0	217117.0	223064.0	252161.0	207480.0	125056.0
H2-T004G_S115_L099_R1_cmb	64335.0	60873.0	56693.0	57630.0	60275.0	57393.0	56631.0	54045.0	53813.0	54023.0	51925.0	52085.0	50332.0	47666.0	48866.0	45630.0	44550.0	44046.0	47951.0	43444.0	42977.0	42385.0	42892.0	43983.0	42678.0	41661.0	42444.0	40823.0	41260.0	40843.0	36713.0	34405.0	50290.0	173825.0	179924.0	215808.0	185639.0	103373.0
H2-T034G_S211_L099_R1_cmb	74375.0	71442.0	69071.0	69557.0	73903.0	67793.0	66901.0	64643.0	64155.0	63035.0	60219.0	60869.0	59824.0	56942.0	57946.0	54510.0	53632.0	52385.0	55402.0	51689.0	51265.0	49886.0	50679.0	52237.0	50517.0	49828.0	49859.0	48782.0	48671.0	48817.0	43944.0	41849.0	55940.0	189138.0	230859.0	276896.0	198533.0	170988.0
H3-T001FX_S219_L099_R1_cmb	58588.0	52581.0	49135.0	48185.0	55683.0	49511.0	50415.0	49321.0	45700.0	47862.0	44750.0	48218.0	45959.0	45636.0	45470.0	40310.0	39591.0	40378.0	40867.0	36505.0	36524.0	38429.0	36705.0	43846.0	38208.0	40781.0	41786.0	37165.0	39742.0	37155.0	36585.0	32176.0	49200.0	208966.0	212373.0	217609.0	179480.0	105535.0
H3-T012G_S123_L099_R1_cmb	68867.0	64054.0	59862.0	60544.0	63995.0	61035.0	60277.0	59327.0	57375.0	56861.0	54257.0	56405.0	53384.0	50438.0	51934.0	48516.0	47701.0	45853.0	51456.0	45732.0	44946.0	44888.0	44780.0	45870.0	44830.0	44985.0	44906.0	43086.0	43932.0	43427.0	40314.0	36996.0	52402.0	186736.0	192544.0	229035.0	199044.0	110922.0
H4-T009FX_S227_L099_R1_cmb	76195.0	67938.0	63243.0	61487.0	67805.0	60353.0	61963.0	57266.0	53709.0	54081.0	50774.0	52435.0	51365.0	48870.0	48206.0	42802.0	41768.0	40470.0	43304.0	38661.0	39454.0	38386.0	37116.0	43288.0	38858.0	39993.0	39891.0	37613.0	37627.0	37135.0	33655.0	30917.0	46133.0	172484.0	173762.0	190685.0	155698.0	93499.0
H4-T133F_S131_L099_R1_cmb	68873.0	64935.0	59517.0	60026.0	65459.0	56630.0	56897.0	54893.0	53014.0	54009.0	51445.0	51871.0	51522.0	46933.0	48619.0	43091.0	43911.0	42751.0	44684.0	38710.0	39530.0	40129.0	39162.0	40906.0	39024.0	38601.0	40560.0	36217.0	37970.0	35705.0	33492.0	32445.0	44030.0	153941.0	174985.0	194402.0	146329.0	114079.0
H5-T129G_S139_L099_R1_cmb	76916.0	74571.0	73965.0	72304.0	77691.0	70235.0	70672.0	68540.0	68576.0	65919.0	63060.0	63045.0	63720.0	60252.0	61491.0	57091.0	55175.0	56819.0	60035.0	54178.0	53206.0	53336.0	54411.0	55542.0	54562.0	52752.0	52384.0	51293.0	50902.0	51073.0	46657.0	43180.0	58811.0	197296.0	234265.0	273342.0	208921.0	161670.0
H6-T137G_S147_L099_R1_cmb	81416.0	79946.0	79190.0	78726.0	84046.0	76462.0	76057.0	74401.0	72885.0	72016.0	68571.0	70680.0	69583.0	66025.0	66359.0	62952.0	61358.0	59861.0	63471.0	61158.0	59005.0	58682.0	59525.0	61585.0	59678.0	58917.0	58438.0	56979.0	58223.0	57337.0	52058.0	48973.0	60872.0	187111.0	251376.0	292385.0	196162.0	202674.0
H7-T058F_S155_L099_R1_cmb	99662.0	94471.0	88441.0	87233.0	93568.0	81711.0	81553.0	78239.0	74250.0	76657.0	72669.0	70193.0	70195.0	65889.0	66228.0	59859.0	62000.0	60661.0	60960.0	56692.0	55587.0	54890.0	56456.0	57902.0	54804.0	56298.0	54740.0	53258.0	52134.0	50749.0	46910.0	44344.0	58700.0	188556.0	234877.0	266028.0	181675.0	172478.0
H8-T052G_S163_L099_R1_cmb	63969.0	60732.0	59206.0	58382.0	63530.0	58037.0	58245.0	56450.0	55374.0	54015.0	52133.0	53184.0	52772.0	48912.0	50712.0	47143.0	46475.0	45780.0	47874.0	43921.0	43127.0	43489.0	43819.0	43916.0	44836.0	43575.0	44103.0	41629.0	42240.0	42147.0	38142.0	35512.0	52009.0	176430.0	195838.0	229407.0	188232.0	121814.0
H9-T014F_S171_L099_R1_cmb	78650.0	72062.0	66576.0	65760.0	71522.0	60209.0	58793.0	57238.0	55184.0	55416.0	51579.0	50814.0	50617.0	46887.0	45075.0	39803.0	43963.0	41471.0	42508.0	39508.0	37892.0	37093.0	39359.0	39569.0	36898.0	37555.0	38897.0	35955.0	36653.0	33670.0	32205.0	30721.0	48329.0	154923.0	174620.0	191215.0	138577.0	110127.0
