	11.0	12.0	13.0	14.0	15.0	16.0	17.0	18.0	19.0	20.0	21.0	22.0	23.0	24.0	25.0	26.0	27.0	28.0	29.0	30.0	31.0	32.0	33.0	34.0	35.0	36.0	37.0
A1-T001F_S100_L099_R1_cmb	2.0	3.0	2.0	5.0	15.0	26.0	48.0	66.0	98.0	142.0	286.0	475.0	909.0	1686.0	2977.0	4864.0	8076.0	11808.0	17032.0	23472.0	31907.0	42700.0	61863.0	101419.0	271322.0	1239642.0	670877.0
	11.0	12.0	13.0	14.0	15.0	16.0	17.0	18.0	19.0	20.0	21.0	22.0	23.0	24.0	25.0	26.0	27.0	28.0	29.0	30.0	31.0	32.0	33.0	34.0	35.0	36.0	37.0
A1-T030F_S196_L099_R1_cmb	2.0	1.0	2.0	8.0	14.0	40.0	76.0	102.0	130.0	234.0	342.0	561.0	987.0	1684.0	3024.0	4795.0	8055.0	11911.0	17521.0	24647.0	33739.0	45328.0	66154.0	108631.0	291596.0	1283059.0	731844.0
	11.0	12.0	13.0	14.0	15.0	16.0	17.0	18.0	19.0	20.0	21.0	22.0	23.0	24.0	25.0	26.0	27.0	28.0	29.0	30.0	31.0	32.0	33.0	34.0	35.0	36.0	37.0
A10-T015F_S172_L099_R1_cmb	8.0	2.0	1.0	11.0	15.0	40.0	74.0	112.0	160.0	260.0	407.0	688.0	1233.0	2088.0	3526.0	5724.0	9375.0	13873.0	20191.0	27764.0	38087.0	51041.0	74541.0	122196.0	327943.0	1405671.0	808912.0
	11.0	12.0	13.0	14.0	15.0	16.0	17.0	18.0	19.0	20.0	21.0	22.0	23.0	24.0	25.0	26.0	27.0	28.0	29.0	30.0	31.0	32.0	33.0	34.0	35.0	36.0	37.0
A11-T027F_S180_L099_R1_cmb	2.0	2.0	7.0	9.0	20.0	28.0	53.0	79.0	153.0	253.0	347.0	688.0	1210.0	2006.0	3403.0	5478.0	8844.0	12902.0	19033.0	26136.0	36129.0	48364.0	70309.0	115369.0	307024.0	1307722.0	780596.0
	11.0	12.0	13.0	14.0	15.0	16.0	17.0	18.0	19.0	20.0	21.0	22.0	23.0	24.0	25.0	26.0	27.0	28.0	29.0	30.0	31.0	32.0	33.0	34.0	35.0	36.0	37.0
A12-T021G_S188_L099_R1_cmb	12.0	8.0	5.0	20.0	46.0	83.0	117.0	157.0	250.0	311.0	479.0	689.0	1103.0	1794.0	3078.0	5124.0	8369.0	12732.0	19511.0	27226.0	38333.0	52557.0	77238.0	126060.0	327308.0	1488755.0	825986.0
	11.0	12.0	13.0	14.0	15.0	16.0	17.0	18.0	19.0	20.0	21.0	22.0	23.0	24.0	25.0	26.0	27.0	28.0	29.0	30.0	31.0	32.0	33.0	34.0	35.0	36.0	37.0
A2-T009F_S108_L099_R1_cmb	1.0	0.0	5.0	9.0	11.0	29.0	49.0	71.0	126.0	175.0	321.0	547.0	1044.0	1882.0	3206.0	5178.0	8055.0	11601.0	16964.0	22660.0	30850.0	41058.0	59533.0	96596.0	257206.0	1125963.0	651737.0
	12.0	13.0	14.0	15.0	16.0	17.0	18.0	19.0	20.0	21.0	22.0	23.0	24.0	25.0	26.0	27.0	28.0	29.0	30.0	31.0	32.0	33.0	34.0	35.0	36.0	37.0
A2-T039F_S204_L099_R1_cmb	6.0	1.0	9.0	21.0	42.0	82.0	110.0	195.0	296.0	471.0	780.0	1357.0	2281.0	3951.0	6410.0	10207.0	14942.0	22032.0	30069.0	41411.0	55848.0	80526.0	132317.0	353088.0	1586422.0	888919.0
	11.0	12.0	13.0	14.0	15.0	16.0	17.0	18.0	19.0	20.0	21.0	22.0	23.0	24.0	25.0	26.0	27.0	28.0	29.0	30.0	31.0	32.0	33.0	34.0	35.0	36.0	37.0
A3-T005G_S116_L099_R1_cmb	8.0	8.0	13.0	18.0	33.0	60.0	135.0	150.0	230.0	335.0	478.0	689.0	1221.0	2102.0	3523.0	5822.0	9466.0	14595.0	21640.0	30444.0	42916.0	58135.0	85191.0	138758.0	365089.0	1717559.0	951675.0
	11.0	12.0	13.0	14.0	15.0	16.0	17.0	18.0	19.0	20.0	21.0	22.0	23.0	24.0	25.0	26.0	27.0	28.0	29.0	30.0	31.0	32.0	33.0	34.0	35.0	36.0	37.0
A3-T035G_S212_L099_R1_cmb	7.0	3.0	9.0	15.0	29.0	64.0	89.0	133.0	172.0	256.0	340.0	528.0	829.0	1357.0	2340.0	3875.0	6396.0	9916.0	15013.0	21364.0	30650.0	42068.0	62418.0	101678.0	268199.0	1240326.0	669054.0
	11.0	12.0	13.0	14.0	15.0	16.0	17.0	18.0	19.0	20.0	21.0	22.0	23.0	24.0	25.0	26.0	27.0	28.0	29.0	30.0	31.0	32.0	33.0	34.0	35.0	36.0	37.0
A4-T002FX_S220_L099_R1_cmb	3.0	3.0	3.0	7.0	10.0	11.0	22.0	44.0	59.0	111.0	205.0	392.0	786.0	1367.0	2416.0	4087.0	6585.0	9914.0	14836.0	20562.0	27940.0	37746.0	55014.0	89799.0	238701.0	1117654.0	608837.0
	11.0	12.0	13.0	14.0	15.0	16.0	17.0	18.0	19.0	20.0	21.0	22.0	23.0	24.0	25.0	26.0	27.0	28.0	29.0	30.0	31.0	32.0	33.0	34.0	35.0	36.0	37.0
A4-T126F_S124_L099_R1_cmb	2.0	4.0	9.0	6.0	25.0	39.0	70.0	114.0	140.0	240.0	385.0	609.0	1153.0	1870.0	3129.0	4956.0	7634.0	11101.0	15942.0	21078.0	28393.0	37496.0	54102.0	87558.0	236411.0	994394.0	626557.0
	11.0	12.0	13.0	14.0	15.0	16.0	17.0	18.0	19.0	20.0	21.0	22.0	23.0	24.0	25.0	26.0	27.0	28.0	29.0	30.0	31.0	32.0	33.0	34.0	35.0	36.0	37.0
A5-T010FX_S228_L099_R1_cmb	6.0	4.0	0.0	6.0	8.0	14.0	25.0	31.0	72.0	95.0	161.0	299.0	625.0	1122.0	2135.0	3566.0	5966.0	9257.0	13670.0	19083.0	26769.0	35540.0	52358.0	85862.0	225493.0	1092510.0	610072.0
	11.0	12.0	13.0	14.0	15.0	16.0	17.0	18.0	19.0	20.0	21.0	22.0	23.0	24.0	25.0	26.0	27.0	28.0	29.0	30.0	31.0	32.0	33.0	34.0	35.0	36.0	37.0
A5-T134F_S132_L099_R1_cmb	1.0	1.0	7.0	9.0	18.0	39.0	77.0	96.0	136.0	225.0	364.0	592.0	1084.0	2027.0	3402.0	5557.0	9023.0	13603.0	20343.0	28011.0	38495.0	52676.0	76960.0	128039.0	347023.0	1471656.0	798833.0
	11.0	12.0	13.0	14.0	15.0	16.0	17.0	18.0	19.0	20.0	21.0	22.0	23.0	24.0	25.0	26.0	27.0	28.0	29.0	30.0	31.0	32.0	33.0	34.0	35.0	36.0	37.0
A6-T130G_S140_L099_R1_cmb	11.0	16.0	10.0	28.0	36.0	88.0	142.0	225.0	297.0	382.0	520.0	719.0	1136.0	1812.0	2918.0	4775.0	7926.0	12174.0	18398.0	26026.0	36818.0	50424.0	73480.0	118433.0	310012.0	1495111.0	869493.0
	11.0	12.0	13.0	14.0	15.0	16.0	17.0	18.0	19.0	20.0	21.0	22.0	23.0	24.0	25.0	26.0	27.0	28.0	29.0	30.0	31.0	32.0	33.0	34.0	35.0	36.0	37.0
A7-T046F_S148_L099_R1_cmb	2.0	3.0	4.0	11.0	18.0	27.0	48.0	82.0	97.0	183.0	318.0	601.0	1184.0	2051.0	3537.0	5913.0	9459.0	13931.0	20516.0	27665.0	38312.0	50786.0	73942.0	119639.0	316917.0	1396569.0	755553.0
	11.0	12.0	13.0	14.0	15.0	16.0	17.0	18.0	19.0	20.0	21.0	22.0	23.0	24.0	25.0	26.0	27.0	28.0	29.0	30.0	31.0	32.0	33.0	34.0	35.0	36.0	37.0
A8-T110F_S156_L099_R1_cmb	4.0	4.0	8.0	11.0	22.0	53.0	79.0	111.0	160.0	230.0	322.0	586.0	971.0	1667.0	2786.0	4794.0	7804.0	12094.0	18088.0	24849.0	35421.0	47983.0	70259.0	115568.0	306750.0	1376433.0	821346.0
	11.0	12.0	13.0	14.0	15.0	16.0	17.0	18.0	19.0	20.0	21.0	22.0	23.0	24.0	25.0	26.0	27.0	28.0	29.0	30.0	31.0	32.0	33.0	34.0	35.0	36.0	37.0
A9-T055G_S164_L099_R1_cmb	12.0	13.0	15.0	12.0	30.0	68.0	116.0	162.0	271.0	324.0	505.0	825.0	1189.0	1921.0	3446.0	5527.0	9011.0	13513.0	20006.0	27745.0	39273.0	53183.0	77089.0	124903.0	321886.0	1464182.0	801656.0
	11.0	12.0	13.0	14.0	15.0	16.0	17.0	18.0	19.0	20.0	21.0	22.0	23.0	24.0	25.0	26.0	27.0	28.0	29.0	30.0	31.0	32.0	33.0	34.0	35.0	36.0	37.0
B1-T002F_S101_L099_R1_cmb	3.0	5.0	3.0	11.0	28.0	44.0	65.0	97.0	139.0	204.0	389.0	680.0	1204.0	2047.0	3688.0	5699.0	9106.0	13310.0	19311.0	26288.0	35567.0	48015.0	69184.0	113809.0	304229.0	1287529.0	703284.0
	11.0	12.0	13.0	14.0	15.0	16.0	17.0	18.0	19.0	20.0	21.0	22.0	23.0	24.0	25.0	26.0	27.0	28.0	29.0	30.0	31.0	32.0	33.0	34.0	35.0	36.0	37.0
B1-T031F_S197_L099_R1_cmb	2.0	8.0	4.0	13.0	18.0	37.0	63.0	97.0	157.0	226.0	370.0	606.0	1004.0	1868.0	3198.0	5391.0	8518.0	12845.0	18692.0	25677.0	34948.0	46755.0	68015.0	110757.0	292476.0	1334776.0	746063.0
	11.0	12.0	13.0	14.0	15.0	16.0	17.0	18.0	19.0	20.0	21.0	22.0	23.0	24.0	25.0	26.0	27.0	28.0	29.0	30.0	31.0	32.0	33.0	34.0	35.0	36.0	37.0
B10-T016F_S173_L099_R1_cmb	4.0	2.0	6.0	6.0	15.0	25.0	51.0	67.0	143.0	178.0	295.0	517.0	939.0	1650.0	2881.0	4544.0	7273.0	10729.0	15643.0	21115.0	29244.0	37994.0	55188.0	90113.0	237028.0	1055227.0	663059.0
	11.0	12.0	13.0	14.0	15.0	16.0	17.0	18.0	19.0	20.0	21.0	22.0	23.0	24.0	25.0	26.0	27.0	28.0	29.0	30.0	31.0	32.0	33.0	34.0	35.0	36.0	37.0
B11-T118F_S181_L099_R1_cmb	2.0	0.0	2.0	10.0	20.0	26.0	50.0	74.0	106.0	148.0	249.0	461.0	796.0	1402.0	2365.0	3945.0	6412.0	9767.0	14072.0	19495.0	27017.0	36217.0	52592.0	86552.0	231242.0	1016445.0	589360.0
	11.0	12.0	13.0	14.0	15.0	16.0	17.0	18.0	19.0	20.0	21.0	22.0	23.0	24.0	25.0	26.0	27.0	28.0	29.0	30.0	31.0	32.0	33.0	34.0	35.0	36.0	37.0
B12-T023G_S189_L099_R1_cmb	9.0	11.0	5.0	15.0	29.0	45.0	86.0	102.0	167.0	227.0	370.0	647.0	1114.0	1884.0	3194.0	5258.0	8645.0	12709.0	18767.0	25907.0	36139.0	48998.0	71565.0	118017.0	310625.0	1386066.0	734117.0
	11.0	12.0	13.0	14.0	15.0	16.0	17.0	18.0	19.0	20.0	21.0	22.0	23.0	24.0	25.0	26.0	27.0	28.0	29.0	30.0	31.0	32.0	33.0	34.0	35.0	36.0	37.0
B2-T010F_S109_L099_R1_cmb	2.0	3.0	3.0	10.0	19.0	27.0	72.0	111.0	146.0	223.0	354.0	627.0	1134.0	1941.0	3400.0	5576.0	8701.0	12812.0	18173.0	24860.0	34275.0	44955.0	65657.0	106976.0	285722.0	1301049.0	672764.0
	11.0	12.0	13.0	14.0	15.0	16.0	17.0	18.0	19.0	20.0	21.0	22.0	23.0	24.0	25.0	26.0	27.0	28.0	29.0	30.0	31.0	32.0	33.0	34.0	35.0	36.0	37.0
B2-T040F_S205_L099_R1_cmb	10.0	8.0	12.0	15.0	58.0	95.0	159.0	245.0	355.0	445.0	714.0	1070.0	1673.0	2691.0	4355.0	7011.0	10919.0	16208.0	24047.0	32860.0	45013.0	60095.0	86823.0	141894.0	374615.0	1709682.0	1000916.0
	11.0	12.0	13.0	14.0	15.0	16.0	17.0	18.0	19.0	20.0	21.0	22.0	23.0	24.0	25.0	26.0	27.0	28.0	29.0	30.0	31.0	32.0	33.0	34.0	35.0	36.0	37.0
B3-T006G_S117_L099_R1_cmb	6.0	7.0	9.0	15.0	44.0	66.0	111.0	154.0	244.0	354.0	520.0	757.0	1325.0	2249.0	3852.0	6062.0	9799.0	14590.0	21572.0	30159.0	42050.0	56253.0	82628.0	134926.0	356918.0	1601943.0	895204.0
	11.0	12.0	13.0	14.0	15.0	16.0	17.0	18.0	19.0	20.0	21.0	22.0	23.0	24.0	25.0	26.0	27.0	28.0	29.0	30.0	31.0	32.0	33.0	34.0	35.0	36.0	37.0
B3-T036G_S213_L099_R1_cmb	5.0	7.0	3.0	15.0	18.0	45.0	75.0	107.0	170.0	225.0	350.0	550.0	996.0	1679.0	2808.0	4832.0	7513.0	11396.0	16852.0	23692.0	32945.0	43785.0	63807.0	103936.0	270225.0	1261387.0	689606.0
	11.0	12.0	13.0	14.0	15.0	16.0	17.0	18.0	19.0	20.0	21.0	22.0	23.0	24.0	25.0	26.0	27.0	28.0	29.0	30.0	31.0	32.0	33.0	34.0	35.0	36.0	37.0
B4-T003FX_S221_L099_R1_cmb	11.0	6.0	4.0	12.0	24.0	33.0	44.0	56.0	88.0	113.0	233.0	452.0	737.0	1333.0	2466.0	4184.0	7084.0	10823.0	16006.0	22413.0	31450.0	42413.0	62191.0	101768.0	268310.0	1283146.0	721493.0
	11.0	12.0	13.0	14.0	15.0	16.0	17.0	18.0	19.0	20.0	21.0	22.0	23.0	24.0	25.0	26.0	27.0	28.0	29.0	30.0	31.0	32.0	33.0	34.0	35.0	36.0	37.0
B4-T127F_S125_L099_R1_cmb	5.0	4.0	3.0	14.0	37.0	45.0	94.0	138.0	197.0	298.0	489.0	770.0	1362.0	2331.0	3923.0	6088.0	9919.0	14517.0	21556.0	29749.0	40990.0	54845.0	80915.0	133496.0	364064.0	1509474.0	914685.0
	12.0	13.0	14.0	15.0	16.0	17.0	18.0	19.0	20.0	21.0	22.0	23.0	24.0	25.0	26.0	27.0	28.0	29.0	30.0	31.0	32.0	33.0	34.0	35.0	36.0	37.0
B5-T011FX_S229_L099_R1_cmb	1.0	1.0	6.0	9.0	9.0	17.0	39.0	89.0	135.0	225.0	470.0	892.0	1628.0	2887.0	4796.0	7545.0	11091.0	16274.0	21914.0	29740.0	39835.0	57383.0	93032.0	244291.0	1129140.0	622523.0
	11.0	12.0	13.0	14.0	15.0	16.0	17.0	18.0	19.0	20.0	21.0	22.0	23.0	24.0	25.0	26.0	27.0	28.0	29.0	30.0	31.0	32.0	33.0	34.0	35.0	36.0	37.0
B5-T135F_S133_L099_R1_cmb	2.0	1.0	2.0	10.0	15.0	25.0	49.0	103.0	152.0	233.0	413.0	694.0	1355.0	2338.0	3905.0	6449.0	10265.0	15042.0	21877.0	29892.0	40755.0	54815.0	80198.0	131932.0	354451.0	1513637.0	859488.0
	11.0	12.0	13.0	14.0	15.0	16.0	17.0	18.0	19.0	20.0	21.0	22.0	23.0	24.0	25.0	26.0	27.0	28.0	29.0	30.0	31.0	32.0	33.0	34.0	35.0	36.0	37.0
B6-T131G_S141_L099_R1_cmb	10.0	12.0	9.0	17.0	52.0	107.0	210.0	255.0	377.0	498.0	694.0	1043.0	1663.0	2774.0	4757.0	7320.0	11595.0	17062.0	25330.0	33968.0	47989.0	64255.0	92838.0	149872.0	389077.0	1836463.0	1044059.0
	11.0	12.0	13.0	14.0	15.0	16.0	17.0	18.0	19.0	20.0	21.0	22.0	23.0	24.0	25.0	26.0	27.0	28.0	29.0	30.0	31.0	32.0	33.0	34.0	35.0	36.0	37.0
B7-T049F_S149_L099_R1_cmb	3.0	2.0	7.0	8.0	15.0	26.0	60.0	88.0	142.0	248.0	416.0	802.0	1356.0	2432.0	4294.0	6805.0	10837.0	15467.0	22435.0	30189.0	40661.0	53854.0	78144.0	126433.0	334797.0	1408236.0	790896.0
	11.0	12.0	13.0	14.0	15.0	16.0	17.0	18.0	19.0	20.0	21.0	22.0	23.0	24.0	25.0	26.0	27.0	28.0	29.0	30.0	31.0	32.0	33.0	34.0	35.0	36.0	37.0
B8-T111F_S157_L099_R1_cmb	2.0	5.0	5.0	9.0	17.0	39.0	78.0	122.0	160.0	300.0	461.0	786.0	1357.0	2315.0	3972.0	6364.0	10076.0	14554.0	21086.0	28143.0	39297.0	51316.0	75291.0	120848.0	324276.0	1404511.0	851665.0
	11.0	12.0	13.0	14.0	15.0	16.0	17.0	18.0	19.0	20.0	21.0	22.0	23.0	24.0	25.0	26.0	27.0	28.0	29.0	30.0	31.0	32.0	33.0	34.0	35.0	36.0	37.0
B9-T056G_S165_L099_R1_cmb	6.0	14.0	11.0	35.0	54.0	80.0	130.0	170.0	283.0	370.0	444.0	695.0	1081.0	1750.0	3097.0	4960.0	8103.0	12558.0	18884.0	26389.0	37428.0	51208.0	75206.0	123868.0	327942.0	1527771.0	847510.0
	11.0	12.0	13.0	14.0	15.0	16.0	17.0	18.0	19.0	20.0	21.0	22.0	23.0	24.0	25.0	26.0	27.0	28.0	29.0	30.0	31.0	32.0	33.0	34.0	35.0	36.0	37.0
C1-T003F_S102_L099_R1_cmb	4.0	2.0	2.0	4.0	14.0	31.0	55.0	64.0	96.0	150.0	268.0	511.0	957.0	1848.0	3172.0	5092.0	8031.0	11827.0	17014.0	22874.0	30840.0	40930.0	59322.0	95722.0	254673.0	1148275.0	563440.0
	11.0	12.0	13.0	14.0	15.0	16.0	17.0	18.0	19.0	20.0	21.0	22.0	23.0	24.0	25.0	26.0	27.0	28.0	29.0	30.0	31.0	32.0	33.0	34.0	35.0	36.0	37.0
C1-T033F_S198_L099_R1_cmb	3.0	3.0	11.0	8.0	21.0	50.0	68.0	140.0	211.0	279.0	485.0	742.0	1345.0	2167.0	3658.0	6326.0	9666.0	14270.0	20639.0	28321.0	38896.0	51651.0	75231.0	123530.0	325204.0	1416926.0	824871.0
	11.0	12.0	13.0	14.0	15.0	16.0	17.0	18.0	19.0	20.0	21.0	22.0	23.0	24.0	25.0	26.0	27.0	28.0	29.0	30.0	31.0	32.0	33.0	34.0	35.0	36.0	37.0
C10-T017F_S174_L099_R1_cmb	4.0	3.0	8.0	18.0	30.0	41.0	65.0	109.0	189.0	221.0	395.0	641.0	1087.0	1889.0	3185.0	5114.0	8021.0	11823.0	17068.0	23553.0	32201.0	42566.0	62258.0	101736.0	268625.0	1146555.0	667840.0
	11.0	12.0	13.0	14.0	15.0	16.0	17.0	18.0	19.0	20.0	21.0	22.0	23.0	24.0	25.0	26.0	27.0	28.0	29.0	30.0	31.0	32.0	33.0	34.0	35.0	36.0	37.0
C11-T119F_S182_L099_R1_cmb	3.0	2.0	0.0	4.0	14.0	20.0	47.0	71.0	102.0	216.0	312.0	542.0	1008.0	1803.0	3035.0	5102.0	8291.0	12121.0	17559.0	23902.0	32402.0	43128.0	62246.0	101369.0	268196.0	1215239.0	701616.0
	11.0	12.0	13.0	14.0	15.0	16.0	17.0	18.0	19.0	20.0	21.0	22.0	23.0	24.0	25.0	26.0	27.0	28.0	29.0	30.0	31.0	32.0	33.0	34.0	35.0	36.0	37.0
C12-T025G_S190_L099_R1_cmb	10.0	8.0	3.0	16.0	24.0	26.0	64.0	84.0	110.0	164.0	277.0	417.0	821.0	1462.0	2471.0	4401.0	7191.0	11042.0	16275.0	23128.0	32228.0	43393.0	63739.0	104220.0	272511.0	1310029.0	715362.0
	11.0	12.0	13.0	14.0	15.0	16.0	17.0	18.0	19.0	20.0	21.0	22.0	23.0	24.0	25.0	26.0	27.0	28.0	29.0	30.0	31.0	32.0	33.0	34.0	35.0	36.0	37.0
C2-T011F_S110_L099_R1_cmb	1.0	2.0	2.0	7.0	23.0	36.0	53.0	87.0	127.0	189.0	251.0	501.0	849.0	1438.0	2443.0	3954.0	6418.0	9438.0	14055.0	19075.0	26254.0	35309.0	51818.0	85127.0	229885.0	984900.0	544452.0
	11.0	12.0	13.0	14.0	15.0	16.0	17.0	18.0	19.0	20.0	21.0	22.0	23.0	24.0	25.0	26.0	27.0	28.0	29.0	30.0	31.0	32.0	33.0	34.0	35.0	36.0	37.0
C2-T041F_S206_L099_R1_cmb	8.0	5.0	6.0	16.0	32.0	45.0	75.0	118.0	199.0	293.0	457.0	761.0	1310.0	2204.0	3878.0	6290.0	9964.0	14538.0	21703.0	29579.0	39651.0	52986.0	76804.0	124210.0	327658.0	1449961.0	822195.0
	11.0	12.0	13.0	14.0	15.0	16.0	17.0	18.0	19.0	20.0	21.0	22.0	23.0	24.0	25.0	26.0	27.0	28.0	29.0	30.0	31.0	32.0	33.0	34.0	35.0	36.0	37.0
C3-T007G_S118_L099_R1_cmb	2.0	3.0	8.0	9.0	12.0	31.0	39.0	79.0	98.0	160.0	260.0	434.0	845.0	1451.0	2636.0	4302.0	7174.0	10794.0	16322.0	22792.0	32642.0	45109.0	66979.0	112725.0	299830.0	1284031.0	645909.0
	11.0	12.0	13.0	14.0	15.0	16.0	17.0	18.0	19.0	20.0	21.0	22.0	23.0	24.0	25.0	26.0	27.0	28.0	29.0	30.0	31.0	32.0	33.0	34.0	35.0	36.0	37.0
C3-T037G_S214_L099_R1_cmb	7.0	4.0	3.0	8.0	20.0	36.0	78.0	100.0	115.0	213.0	297.0	527.0	875.0	1459.0	2655.0	4353.0	7110.0	10824.0	16436.0	22623.0	32106.0	43146.0	63542.0	104399.0	273546.0	1274492.0	677550.0
	11.0	12.0	13.0	14.0	15.0	16.0	17.0	18.0	19.0	20.0	21.0	22.0	23.0	24.0	25.0	26.0	27.0	28.0	29.0	30.0	31.0	32.0	33.0	34.0	35.0	36.0	37.0
C4-T004FX_S222_L099_R1_cmb	5.0	3.0	5.0	4.0	12.0	28.0	33.0	48.0	72.0	125.0	253.0	451.0	894.0	1711.0	3069.0	5139.0	8494.0	12791.0	18829.0	26089.0	36309.0	49031.0	70856.0	116084.0	311478.0	1507910.0	804804.0
	11.0	12.0	13.0	14.0	15.0	16.0	17.0	18.0	19.0	20.0	21.0	22.0	23.0	24.0	25.0	26.0	27.0	28.0	29.0	30.0	31.0	32.0	33.0	34.0	35.0	36.0	37.0
C4-T128F_S126_L099_R1_cmb	6.0	0.0	3.0	8.0	12.0	20.0	54.0	81.0	111.0	190.0	353.0	621.0	1168.0	2076.0	3535.0	5861.0	9017.0	13486.0	19676.0	26884.0	36104.0	47810.0	69150.0	111938.0	296935.0	1329135.0	780342.0
	11.0	12.0	13.0	14.0	15.0	16.0	17.0	18.0	19.0	20.0	21.0	22.0	23.0	24.0	25.0	26.0	27.0	28.0	29.0	30.0	31.0	32.0	33.0	34.0	35.0	36.0	37.0
C5-T012FX_S230_L099_R1_cmb	5.0	6.0	6.0	6.0	9.0	18.0	33.0	46.0	83.0	122.0	228.0	362.0	714.0	1213.0	2351.0	4044.0	6965.0	10640.0	15868.0	22327.0	31460.0	43106.0	62732.0	102812.0	272487.0	1307401.0	772349.0
	11.0	12.0	13.0	14.0	15.0	16.0	17.0	18.0	19.0	20.0	21.0	22.0	23.0	24.0	25.0	26.0	27.0	28.0	29.0	30.0	31.0	32.0	33.0	34.0	35.0	36.0	37.0
C5-T136F_S134_L099_R1_cmb	3.0	4.0	3.0	8.0	31.0	50.0	61.0	117.0	151.0	234.0	393.0	687.0	1245.0	2183.0	3677.0	5860.0	9733.0	13988.0	20918.0	28285.0	39022.0	51896.0	75159.0	123411.0	327932.0	1436900.0	818696.0
	11.0	12.0	13.0	14.0	15.0	16.0	17.0	18.0	19.0	20.0	21.0	22.0	23.0	24.0	25.0	26.0	27.0	28.0	29.0	30.0	31.0	32.0	33.0	34.0	35.0	36.0	37.0
C6-T132G_S142_L099_R1_cmb	4.0	5.0	11.0	7.0	35.0	55.0	91.0	126.0	166.0	229.0	335.0	476.0	783.0	1437.0	2339.0	3921.0	6376.0	9608.0	14647.0	20673.0	29262.0	40401.0	59644.0	98749.0	259313.0	1201208.0	644477.0
	11.0	12.0	13.0	14.0	15.0	16.0	17.0	18.0	19.0	20.0	21.0	22.0	23.0	24.0	25.0	26.0	27.0	28.0	29.0	30.0	31.0	32.0	33.0	34.0	35.0	36.0	37.0
C7-T051F_S150_L099_R1_cmb	2.0	0.0	2.0	8.0	6.0	14.0	25.0	41.0	65.0	117.0	209.0	388.0	820.0	1447.0	2399.0	3763.0	5429.0	7482.0	9799.0	11882.0	15891.0	19631.0	27233.0	43999.0	116872.0	462906.0	212273.0
	11.0	12.0	13.0	14.0	15.0	16.0	17.0	18.0	19.0	20.0	21.0	22.0	23.0	24.0	25.0	26.0	27.0	28.0	29.0	30.0	31.0	32.0	33.0	34.0	35.0	36.0	37.0
C8-T112F_S158_L099_R1_cmb	1.0	7.0	8.0	9.0	24.0	54.0	69.0	100.0	156.0	201.0	340.0	574.0	989.0	1627.0	3082.0	5047.0	7889.0	11719.0	17686.0	24113.0	33338.0	44954.0	65994.0	108962.0	293049.0	1238965.0	696749.0
	11.0	12.0	13.0	14.0	15.0	16.0	17.0	18.0	19.0	20.0	21.0	22.0	23.0	24.0	25.0	26.0	27.0	28.0	29.0	30.0	31.0	32.0	33.0	34.0	35.0	36.0	37.0
C9-T057G_S166_L099_R1_cmb	12.0	10.0	18.0	28.0	49.0	96.0	130.0	201.0	254.0	361.0	507.0	769.0	1124.0	2073.0	3473.0	5565.0	9094.0	13708.0	20790.0	29018.0	41147.0	55629.0	81337.0	133095.0	351377.0	1618670.0	908501.0
	11.0	12.0	13.0	14.0	15.0	16.0	17.0	18.0	19.0	20.0	21.0	22.0	23.0	24.0	25.0	26.0	27.0	28.0	29.0	30.0	31.0	32.0	33.0	34.0	35.0	36.0	37.0
D1-T004F_S103_L099_R1_cmb	6.0	2.0	1.0	2.0	12.0	16.0	29.0	36.0	83.0	135.0	291.0	477.0	903.0	1794.0	3164.0	4808.0	7767.0	11446.0	16485.0	21991.0	30122.0	40312.0	58402.0	96192.0	257893.0	1163248.0	577006.0
	11.0	12.0	13.0	14.0	15.0	16.0	17.0	18.0	19.0	20.0	21.0	22.0	23.0	24.0	25.0	26.0	27.0	28.0	29.0	30.0	31.0	32.0	33.0	34.0	35.0	36.0	37.0
D1-T034F_S199_L099_R1_cmb	5.0	3.0	3.0	9.0	19.0	35.0	69.0	85.0	162.0	226.0	391.0	628.0	1090.0	1971.0	3241.0	5233.0	8395.0	12253.0	18168.0	24366.0	33464.0	44992.0	64987.0	106302.0	282649.0	1260523.0	695855.0
	11.0	12.0	13.0	14.0	15.0	16.0	17.0	18.0	19.0	20.0	21.0	22.0	23.0	24.0	25.0	26.0	27.0	28.0	29.0	30.0	31.0	32.0	33.0	34.0	35.0	36.0	37.0
D10-T019F_S175_L099_R1_cmb	6.0	3.0	9.0	8.0	16.0	40.0	66.0	125.0	184.0	303.0	402.0	679.0	1157.0	1980.0	3336.0	5397.0	8732.0	13093.0	19102.0	26340.0	36476.0	49358.0	72304.0	119237.0	320310.0	1343233.0	783980.0
	11.0	12.0	13.0	14.0	15.0	16.0	17.0	18.0	19.0	20.0	21.0	22.0	23.0	24.0	25.0	26.0	27.0	28.0	29.0	30.0	31.0	32.0	33.0	34.0	35.0	36.0	37.0
D11-T014G_S183_L099_R1_cmb	6.0	2.0	10.0	11.0	28.0	55.0	82.0	108.0	179.0	268.0	409.0	668.0	1163.0	1930.0	3517.0	5715.0	9225.0	13799.0	20510.0	28162.0	39212.0	52472.0	76553.0	123819.0	321844.0	1471359.0	799077.0
	11.0	12.0	13.0	14.0	15.0	16.0	17.0	18.0	19.0	20.0	21.0	22.0	23.0	24.0	25.0	26.0	27.0	28.0	29.0	30.0	31.0	32.0	33.0	34.0	35.0	36.0	37.0
D12-T026G_S191_L099_R1_cmb	8.0	5.0	14.0	20.0	38.0	55.0	87.0	142.0	190.0	270.0	455.0	724.0	1285.0	2259.0	3902.0	6339.0	10219.0	14859.0	22031.0	30486.0	41786.0	56783.0	81870.0	133761.0	349717.0	1553361.0	840005.0
	11.0	12.0	13.0	14.0	15.0	16.0	17.0	18.0	19.0	20.0	21.0	22.0	23.0	24.0	25.0	26.0	27.0	28.0	29.0	30.0	31.0	32.0	33.0	34.0	35.0	36.0	37.0
D2-T012F_S111_L099_R1_cmb	3.0	3.0	5.0	12.0	30.0	41.0	79.0	111.0	178.0	250.0	429.0	650.0	1215.0	2122.0	3638.0	5837.0	9457.0	13854.0	19946.0	26899.0	36982.0	48664.0	70236.0	114519.0	308028.0	1408246.0	798500.0
	11.0	12.0	13.0	14.0	15.0	16.0	17.0	18.0	19.0	20.0	21.0	22.0	23.0	24.0	25.0	26.0	27.0	28.0	29.0	30.0	31.0	32.0	33.0	34.0	35.0	36.0	37.0
D2-T029G_S207_L099_R1_cmb	12.0	9.0	19.0	33.0	61.0	129.0	204.0	267.0	355.0	482.0	620.0	937.0	1367.0	2299.0	3822.0	5915.0	9458.0	14037.0	20858.0	28439.0	39445.0	52923.0	75640.0	123195.0	318620.0	1467970.0	833116.0
	11.0	12.0	13.0	14.0	15.0	16.0	17.0	18.0	19.0	20.0	21.0	22.0	23.0	24.0	25.0	26.0	27.0	28.0	29.0	30.0	31.0	32.0	33.0	34.0	35.0	36.0	37.0
D3-T008G_S119_L099_R1_cmb	7.0	4.0	13.0	6.0	33.0	45.0	88.0	129.0	177.0	280.0	438.0	747.0	1299.0	2398.0	4224.0	6960.0	11318.0	16758.0	25118.0	35189.0	48995.0	65403.0	96051.0	156454.0	404751.0	1907705.0	1079891.0
	11.0	12.0	13.0	14.0	15.0	16.0	17.0	18.0	19.0	20.0	21.0	22.0	23.0	24.0	25.0	26.0	27.0	28.0	29.0	30.0	31.0	32.0	33.0	34.0	35.0	36.0	37.0
D3-T038G_S215_L099_R1_cmb	14.0	10.0	16.0	20.0	57.0	83.0	134.0	210.0	280.0	352.0	534.0	785.0	1303.0	2167.0	3672.0	5718.0	9440.0	14318.0	21115.0	29175.0	40944.0	54845.0	79689.0	130011.0	339766.0	1587002.0	882007.0
	11.0	12.0	13.0	14.0	15.0	16.0	17.0	18.0	19.0	20.0	21.0	22.0	23.0	24.0	25.0	26.0	27.0	28.0	29.0	30.0	31.0	32.0	33.0	34.0	35.0	36.0	37.0
D4-T005FX_S223_L099_R1_cmb	2.0	1.0	2.0	5.0	8.0	11.0	32.0	34.0	74.0	125.0	230.0	479.0	894.0	1627.0	2847.0	4772.0	7849.0	11983.0	17701.0	23865.0	32859.0	43714.0	64302.0	105234.0	280933.0	1299844.0	720939.0
	11.0	12.0	13.0	14.0	15.0	16.0	17.0	18.0	19.0	20.0	21.0	22.0	23.0	24.0	25.0	26.0	27.0	28.0	29.0	30.0	31.0	32.0	33.0	34.0	35.0	36.0	37.0
D4-T129F_S127_L099_R1_cmb	2.0	0.0	5.0	10.0	16.0	30.0	51.0	66.0	153.0	223.0	389.0	665.0	1257.0	2256.0	4057.0	6486.0	10300.0	15282.0	22121.0	30179.0	40919.0	54390.0	77832.0	126116.0	339460.0	1507106.0	902103.0
	11.0	12.0	13.0	14.0	15.0	16.0	17.0	18.0	19.0	20.0	21.0	22.0	23.0	24.0	25.0	26.0	27.0	28.0	29.0	30.0	31.0	32.0	33.0	34.0	35.0	36.0	37.0
D5-T137F_S135_L099_R1_cmb	5.0	3.0	4.0	14.0	19.0	35.0	65.0	99.0	164.0	240.0	400.0	655.0	1139.0	2017.0	3333.0	5554.0	8988.0	13055.0	19290.0	26090.0	35589.0	47554.0	69230.0	114295.0	307848.0	1314490.0	758619.0
	11.0	12.0	13.0	14.0	15.0	16.0	17.0	18.0	19.0	20.0	21.0	22.0	23.0	24.0	25.0	26.0	27.0	28.0	29.0	30.0	31.0	32.0	33.0	34.0	35.0	36.0	37.0
D6-T133G_S143_L099_R1_cmb	11.0	13.0	23.0	30.0	61.0	85.0	162.0	210.0	278.0	357.0	493.0	798.0	1388.0	2219.0	3864.0	6378.0	10232.0	15876.0	23586.0	32580.0	45700.0	61984.0	90687.0	148273.0	388458.0	1825876.0	982097.0
	11.0	12.0	13.0	14.0	15.0	16.0	17.0	18.0	19.0	20.0	21.0	22.0	23.0	24.0	25.0	26.0	27.0	28.0	29.0	30.0	31.0	32.0	33.0	34.0	35.0	36.0	37.0
D7-T052F_S151_L099_R1_cmb	9.0	3.0	3.0	18.0	33.0	67.0	102.0	143.0	222.0	324.0	470.0	747.0	1397.0	2325.0	3954.0	6397.0	10180.0	14889.0	21736.0	29656.0	40779.0	53418.0	78020.0	127259.0	340689.0	1515790.0	882170.0
	11.0	12.0	13.0	14.0	15.0	16.0	17.0	18.0	19.0	20.0	21.0	22.0	23.0	24.0	25.0	26.0	27.0	28.0	29.0	30.0	31.0	32.0	33.0	34.0	35.0	36.0	37.0
D8-T046G_S159_L099_R1_cmb	5.0	8.0	14.0	16.0	35.0	87.0	139.0	170.0	235.0	343.0	459.0	651.0	1209.0	1841.0	3227.0	5109.0	8678.0	13022.0	19213.0	27051.0	37786.0	51204.0	74337.0	121735.0	319319.0	1496590.0	834278.0
	11.0	12.0	13.0	14.0	15.0	16.0	17.0	18.0	19.0	20.0	21.0	22.0	23.0	24.0	25.0	26.0	27.0	28.0	29.0	30.0	31.0	32.0	33.0	34.0	35.0	36.0	37.0
D9-T058G_S167_L099_R1_cmb	9.0	12.0	16.0	34.0	56.0	85.0	160.0	230.0	296.0	379.0	530.0	787.0	1180.0	1992.0	3211.0	5462.0	9004.0	13823.0	21317.0	30250.0	42993.0	58422.0	87030.0	142050.0	373803.0	1721598.0	988982.0
	11.0	12.0	13.0	14.0	15.0	16.0	17.0	18.0	19.0	20.0	21.0	22.0	23.0	24.0	25.0	26.0	27.0	28.0	29.0	30.0	31.0	32.0	33.0	34.0	35.0	36.0	37.0
E1-T005F_S104_L099_R1_cmb	5.0	6.0	5.0	8.0	16.0	22.0	27.0	52.0	71.0	94.0	188.0	355.0	653.0	1179.0	2236.0	3611.0	5756.0	8592.0	12886.0	17393.0	24056.0	32292.0	46422.0	76756.0	203021.0	934871.0	497301.0
	11.0	12.0	13.0	14.0	15.0	16.0	17.0	18.0	19.0	20.0	21.0	22.0	23.0	24.0	25.0	26.0	27.0	28.0	29.0	30.0	31.0	32.0	33.0	34.0	35.0	36.0	37.0
E1-T035F_S200_L099_R1_cmb	4.0	0.0	1.0	8.0	18.0	36.0	61.0	98.0	165.0	229.0	318.0	547.0	983.0	1562.0	2796.0	4493.0	7377.0	11452.0	17136.0	23658.0	33439.0	45304.0	66649.0	107624.0	284913.0	1276998.0	687044.0
	11.0	12.0	13.0	14.0	15.0	16.0	17.0	18.0	19.0	20.0	21.0	22.0	23.0	24.0	25.0	26.0	27.0	28.0	29.0	30.0	31.0	32.0	33.0	34.0	35.0	36.0	37.0
E10-T021F_S176_L099_R1_cmb	1.0	6.0	4.0	11.0	34.0	44.0	71.0	141.0	184.0	283.0	378.0	586.0	994.0	1638.0	2983.0	4786.0	7807.0	11919.0	17367.0	24167.0	33951.0	45978.0	67202.0	110157.0	292224.0	1307630.0	772448.0
	11.0	12.0	13.0	14.0	15.0	16.0	17.0	18.0	19.0	20.0	21.0	22.0	23.0	24.0	25.0	26.0	27.0	28.0	29.0	30.0	31.0	32.0	33.0	34.0	35.0	36.0	37.0
E11-T015G_S184_L099_R1_cmb	8.0	4.0	6.0	11.0	37.0	58.0	92.0	118.0	192.0	241.0	361.0	562.0	1119.0	1787.0	3118.0	4959.0	8375.0	12460.0	18942.0	26387.0	37424.0	51460.0	75371.0	124298.0	327120.0	1507518.0	843067.0
	11.0	12.0	13.0	14.0	15.0	16.0	17.0	18.0	19.0	20.0	21.0	22.0	23.0	24.0	25.0	26.0	27.0	28.0	29.0	30.0	31.0	32.0	33.0	34.0	35.0	36.0	37.0
E12-T027G_S192_L099_R1_cmb	7.0	6.0	6.0	11.0	29.0	52.0	83.0	121.0	198.0	258.0	387.0	505.0	904.0	1518.0	2669.0	4299.0	7058.0	10773.0	15797.0	22254.0	31577.0	42522.0	62260.0	101490.0	265027.0	1197471.0	647359.0
	11.0	12.0	13.0	14.0	15.0	16.0	17.0	18.0	19.0	20.0	21.0	22.0	23.0	24.0	25.0	26.0	27.0	28.0	29.0	30.0	31.0	32.0	33.0	34.0	35.0	36.0	37.0
E2-T001G_S112_L099_R1_cmb	6.0	7.0	14.0	17.0	37.0	53.0	101.0	103.0	154.0	220.0	355.0	569.0	1024.0	1917.0	3403.0	5531.0	8833.0	13247.0	19636.0	26835.0	37309.0	50605.0	74250.0	121640.0	322336.0	1481241.0	825753.0
	11.0	12.0	13.0	14.0	15.0	16.0	17.0	18.0	19.0	20.0	21.0	22.0	23.0	24.0	25.0	26.0	27.0	28.0	29.0	30.0	31.0	32.0	33.0	34.0	35.0	36.0	37.0
E2-T030G_S208_L099_R1_cmb	9.0	6.0	9.0	21.0	45.0	71.0	124.0	153.0	215.0	306.0	444.0	662.0	1202.0	1995.0	3316.0	5514.0	8978.0	13581.0	20029.0	28035.0	39186.0	53026.0	76385.0	124855.0	322606.0	1554830.0	866629.0
	11.0	12.0	13.0	14.0	15.0	16.0	17.0	18.0	19.0	20.0	21.0	22.0	23.0	24.0	25.0	26.0	27.0	28.0	29.0	30.0	31.0	32.0	33.0	34.0	35.0	36.0	37.0
E3-T009G_S120_L099_R1_cmb	5.0	5.0	6.0	13.0	25.0	56.0	92.0	139.0	195.0	293.0	408.0	712.0	1317.0	2285.0	3877.0	6398.0	10059.0	14960.0	22054.0	30227.0	42083.0	56050.0	82474.0	135354.0	361793.0	1652368.0	888106.0
	11.0	12.0	13.0	14.0	15.0	16.0	17.0	18.0	19.0	20.0	21.0	22.0	23.0	24.0	25.0	26.0	27.0	28.0	29.0	30.0	31.0	32.0	33.0	34.0	35.0	36.0	37.0
E3-T039G_S216_L099_R1_cmb	3.0	5.0	7.0	16.0	25.0	43.0	65.0	88.0	128.0	175.0	269.0	424.0	714.0	1274.0	2313.0	3804.0	6465.0	9637.0	14490.0	20469.0	29006.0	39512.0	58141.0	94827.0	246643.0	1148500.0	622689.0
	11.0	12.0	13.0	14.0	15.0	16.0	17.0	18.0	19.0	20.0	21.0	22.0	23.0	24.0	25.0	26.0	27.0	28.0	29.0	30.0	31.0	32.0	33.0	34.0	35.0	36.0	37.0
E4-T006FX_S224_L099_R1_cmb	6.0	5.0	5.0	8.0	5.0	30.0	41.0	56.0	93.0	123.0	239.0	438.0	781.0	1422.0	2540.0	4283.0	7046.0	10807.0	16210.0	22590.0	32162.0	42981.0	63655.0	104512.0	280660.0	1286909.0	742311.0
	12.0	13.0	14.0	15.0	16.0	17.0	18.0	19.0	20.0	21.0	22.0	23.0	24.0	25.0	26.0	27.0	28.0	29.0	30.0	31.0	32.0	33.0	34.0	35.0	36.0	37.0
E4-T130F_S128_L099_R1_cmb	3.0	2.0	6.0	8.0	16.0	28.0	49.0	93.0	157.0	310.0	561.0	1108.0	1888.0	3222.0	5292.0	8570.0	12587.0	17833.0	23955.0	32657.0	42706.0	61716.0	100425.0	265390.0	1183743.0	599136.0
	11.0	12.0	13.0	14.0	15.0	16.0	17.0	18.0	19.0	20.0	21.0	22.0	23.0	24.0	25.0	26.0	27.0	28.0	29.0	30.0	31.0	32.0	33.0	34.0	35.0	36.0	37.0
E5-T126G_S136_L099_R1_cmb	16.0	8.0	16.0	23.0	33.0	82.0	145.0	203.0	284.0	381.0	543.0	734.0	1188.0	1953.0	3210.0	5259.0	8387.0	12813.0	18754.0	26171.0	36515.0	49617.0	71834.0	118446.0	314423.0	1442530.0	777249.0
	11.0	12.0	13.0	14.0	15.0	16.0	17.0	18.0	19.0	20.0	21.0	22.0	23.0	24.0	25.0	26.0	27.0	28.0	29.0	30.0	31.0	32.0	33.0	34.0	35.0	36.0	37.0
E6-T134G_S144_L099_R1_cmb	14.0	11.0	13.0	27.0	55.0	93.0	184.0	247.0	353.0	487.0	654.0	890.0	1404.0	2325.0	3754.0	6140.0	9809.0	14782.0	21888.0	30447.0	42886.0	57450.0	84943.0	138885.0	367226.0	1673148.0	896114.0
	11.0	12.0	13.0	14.0	15.0	16.0	17.0	18.0	19.0	20.0	21.0	22.0	23.0	24.0	25.0	26.0	27.0	28.0	29.0	30.0	31.0	32.0	33.0	34.0	35.0	36.0	37.0
E7-T055F_S152_L099_R1_cmb	10.0	2.0	15.0	16.0	42.0	67.0	108.0	161.0	235.0	316.0	527.0	790.0	1294.0	2162.0	3853.0	5931.0	9486.0	13914.0	20385.0	27394.0	37896.0	50460.0	73770.0	119884.0	320498.0	1459265.0	848004.0
	11.0	12.0	13.0	14.0	15.0	16.0	17.0	18.0	19.0	20.0	21.0	22.0	23.0	24.0	25.0	26.0	27.0	28.0	29.0	30.0	31.0	32.0	33.0	34.0	35.0	36.0	37.0
E8-T047G_S160_L099_R1_cmb	14.0	9.0	17.0	35.0	48.0	76.0	183.0	262.0	381.0	481.0	702.0	969.0	1419.0	2321.0	3903.0	6341.0	10051.0	14706.0	21900.0	30262.0	42656.0	57445.0	84013.0	138086.0	363803.0	1642145.0	878415.0
	11.0	12.0	13.0	14.0	15.0	16.0	17.0	18.0	19.0	20.0	21.0	22.0	23.0	24.0	25.0	26.0	27.0	28.0	29.0	30.0	31.0	32.0	33.0	34.0	35.0	36.0	37.0
E9-T110G_S168_L099_R1_cmb	13.0	12.0	11.0	31.0	58.0	88.0	160.0	217.0	313.0	439.0	577.0	819.0	1221.0	2055.0	3229.0	5198.0	8358.0	12840.0	18978.0	26514.0	37058.0	49772.0	72155.0	117720.0	306157.0	1471718.0	851705.0
	11.0	12.0	13.0	14.0	15.0	16.0	17.0	18.0	19.0	20.0	21.0	22.0	23.0	24.0	25.0	26.0	27.0	28.0	29.0	30.0	31.0	32.0	33.0	34.0	35.0	36.0	37.0
F1-T006F_S105_L099_R1_cmb	2.0	1.0	4.0	7.0	13.0	33.0	35.0	71.0	111.0	137.0	252.0	499.0	925.0	1595.0	2816.0	4523.0	6981.0	10337.0	14896.0	19689.0	27028.0	36606.0	52542.0	87072.0	234335.0	1001957.0	523697.0
	11.0	12.0	13.0	14.0	15.0	16.0	17.0	18.0	19.0	20.0	21.0	22.0	23.0	24.0	25.0	26.0	27.0	28.0	29.0	30.0	31.0	32.0	33.0	34.0	35.0	36.0	37.0
F1-T036F_S201_L099_R1_cmb	1.0	3.0	4.0	5.0	11.0	35.0	61.0	85.0	117.0	193.0	300.0	455.0	829.0	1327.0	2335.0	3884.0	6413.0	9284.0	13701.0	18865.0	26289.0	34837.0	51119.0	82789.0	219431.0	974822.0	560210.0
	11.0	12.0	13.0	14.0	15.0	16.0	17.0	18.0	19.0	20.0	21.0	22.0	23.0	24.0	25.0	26.0	27.0	28.0	29.0	30.0	31.0	32.0	33.0	34.0	35.0	36.0	37.0
F10-T023F_S177_L099_R1_cmb	3.0	5.0	2.0	3.0	18.0	34.0	52.0	94.0	129.0	186.0	362.0	577.0	1130.0	2084.0	3388.0	5799.0	9005.0	13690.0	19961.0	27297.0	37828.0	50569.0	74106.0	122316.0	330959.0	1420728.0	795548.0
	11.0	12.0	13.0	14.0	15.0	16.0	17.0	18.0	19.0	20.0	21.0	22.0	23.0	24.0	25.0	26.0	27.0	28.0	29.0	30.0	31.0	32.0	33.0	34.0	35.0	36.0	37.0
F11-T016G_S185_L099_R1_cmb	10.0	12.0	12.0	16.0	36.0	64.0	115.0	155.0	255.0	323.0	493.0	735.0	1278.0	2065.0	3486.0	5504.0	8797.0	12883.0	19091.0	26550.0	36387.0	49008.0	70784.0	114285.0	295286.0	1332660.0	741731.0
	11.0	12.0	13.0	14.0	15.0	16.0	17.0	18.0	19.0	20.0	21.0	22.0	23.0	24.0	25.0	26.0	27.0	28.0	29.0	30.0	31.0	32.0	33.0	34.0	35.0	36.0	37.0
F12-T118G_S193_L099_R1_cmb	2.0	8.0	7.0	14.0	31.0	57.0	65.0	101.0	141.0	220.0	318.0	502.0	895.0	1477.0	2597.0	4353.0	6900.0	10512.0	15862.0	21886.0	30727.0	41910.0	61047.0	101019.0	266858.0	1201422.0	622124.0
	11.0	12.0	13.0	14.0	15.0	16.0	17.0	18.0	19.0	20.0	21.0	22.0	23.0	24.0	25.0	26.0	27.0	28.0	29.0	30.0	31.0	32.0	33.0	34.0	35.0	36.0	37.0
F2-T002G_S113_L099_R1_cmb	4.0	4.0	2.0	3.0	11.0	24.0	39.0	71.0	94.0	145.0	276.0	497.0	911.0	1644.0	2838.0	4657.0	7414.0	11038.0	15965.0	22096.0	30611.0	41374.0	59746.0	97405.0	255309.0	1165554.0	654883.0
	11.0	12.0	13.0	14.0	15.0	16.0	17.0	18.0	19.0	20.0	21.0	22.0	23.0	24.0	25.0	26.0	27.0	28.0	29.0	30.0	31.0	32.0	33.0	34.0	35.0	36.0	37.0
F2-T031G_S209_L099_R1_cmb	8.0	8.0	13.0	10.0	50.0	62.0	88.0	125.0	172.0	220.0	327.0	505.0	868.0	1499.0	2463.0	4287.0	6688.0	10159.0	15176.0	21010.0	29248.0	39755.0	57456.0	94909.0	248941.0	1150768.0	620858.0
	11.0	12.0	13.0	14.0	15.0	16.0	17.0	18.0	19.0	20.0	21.0	22.0	23.0	24.0	25.0	26.0	27.0	28.0	29.0	30.0	31.0	32.0	33.0	34.0	35.0	36.0	37.0
F3-T010G_S121_L099_R1_cmb	9.0	5.0	9.0	12.0	25.0	37.0	45.0	72.0	141.0	161.0	291.0	521.0	1025.0	1772.0	3134.0	5290.0	8414.0	12541.0	18858.0	26122.0	36285.0	48678.0	71036.0	115458.0	303829.0	1423899.0	781538.0
	11.0	12.0	13.0	14.0	15.0	16.0	17.0	18.0	19.0	20.0	21.0	22.0	23.0	24.0	25.0	26.0	27.0	28.0	29.0	30.0	31.0	32.0	33.0	34.0	35.0	36.0	37.0
F3-T040G_S217_L099_R1_cmb	6.0	8.0	5.0	16.0	20.0	39.0	72.0	106.0	146.0	198.0	357.0	557.0	1018.0	1765.0	3077.0	4984.0	8295.0	12644.0	18974.0	26467.0	36587.0	50033.0	73171.0	119101.0	308267.0	1442539.0	786066.0
	11.0	12.0	13.0	14.0	15.0	16.0	17.0	18.0	19.0	20.0	21.0	22.0	23.0	24.0	25.0	26.0	27.0	28.0	29.0	30.0	31.0	32.0	33.0	34.0	35.0	36.0	37.0
F4-T007FX_S225_L099_R1_cmb	2.0	0.0	6.0	7.0	6.0	16.0	23.0	41.0	65.0	108.0	220.0	400.0	773.0	1389.0	2413.0	4133.0	6659.0	10041.0	14702.0	19718.0	27031.0	36400.0	52415.0	85541.0	226600.0	1059137.0	528055.0
	11.0	12.0	13.0	14.0	15.0	16.0	17.0	18.0	19.0	20.0	21.0	22.0	23.0	24.0	25.0	26.0	27.0	28.0	29.0	30.0	31.0	32.0	33.0	34.0	35.0	36.0	37.0
F4-T131F_S129_L099_R1_cmb	3.0	7.0	3.0	13.0	14.0	27.0	59.0	80.0	131.0	203.0	384.0	730.0	1488.0	2390.0	4261.0	6906.0	10738.0	15689.0	23275.0	31207.0	42656.0	56774.0	82554.0	135733.0	367145.0	1611768.0	854044.0
	11.0	12.0	13.0	14.0	15.0	16.0	17.0	18.0	19.0	20.0	21.0	22.0	23.0	24.0	25.0	26.0	27.0	28.0	29.0	30.0	31.0	32.0	33.0	34.0	35.0	36.0	37.0
F5-T127G_S137_L099_R1_cmb	10.0	7.0	9.0	15.0	43.0	87.0	109.0	158.0	255.0	310.0	414.0	593.0	984.0	1631.0	2616.0	4282.0	6934.0	10373.0	15809.0	21848.0	30655.0	41435.0	61316.0	99926.0	260439.0	1203852.0	654865.0
	11.0	12.0	13.0	14.0	15.0	16.0	17.0	18.0	19.0	20.0	21.0	22.0	23.0	24.0	25.0	26.0	27.0	28.0	29.0	30.0	31.0	32.0	33.0	34.0	35.0	36.0	37.0
F6-T135G_S145_L099_R1_cmb	20.0	9.0	20.0	33.0	53.0	93.0	131.0	191.0	267.0	358.0	490.0	693.0	1086.0	1863.0	3002.0	4843.0	7963.0	12043.0	17865.0	24859.0	34576.0	46426.0	68693.0	112585.0	294862.0	1362682.0	724654.0
	11.0	12.0	13.0	14.0	15.0	16.0	17.0	18.0	19.0	20.0	21.0	22.0	23.0	24.0	25.0	26.0	27.0	28.0	29.0	30.0	31.0	32.0	33.0	34.0	35.0	36.0	37.0
F7-T056F_S153_L099_R1_cmb	1.0	2.0	0.0	6.0	7.0	23.0	40.0	59.0	113.0	201.0	322.0	619.0	1008.0	1810.0	3069.0	5125.0	8130.0	11990.0	17661.0	24064.0	32797.0	43859.0	64296.0	105905.0	280177.0	1212539.0	656495.0
	11.0	12.0	13.0	14.0	15.0	16.0	17.0	18.0	19.0	20.0	21.0	22.0	23.0	24.0	25.0	26.0	27.0	28.0	29.0	30.0	31.0	32.0	33.0	34.0	35.0	36.0	37.0
F8-T049G_S161_L099_R1_cmb	7.0	4.0	8.0	16.0	38.0	66.0	113.0	149.0	203.0	323.0	427.0	660.0	1063.0	1822.0	3146.0	4965.0	8182.0	12334.0	18368.0	25444.0	35798.0	47885.0	69344.0	112415.0	288692.0	1355216.0	780809.0
	11.0	12.0	13.0	14.0	15.0	16.0	17.0	18.0	19.0	20.0	21.0	22.0	23.0	24.0	25.0	26.0	27.0	28.0	29.0	30.0	31.0	32.0	33.0	34.0	35.0	36.0	37.0
F9-T111G_S169_L099_R1_cmb	2.0	2.0	6.0	10.0	16.0	28.0	46.0	72.0	97.0	142.0	230.0	372.0	697.0	1076.0	1950.0	3242.0	5284.0	8074.0	12008.0	16612.0	23215.0	31282.0	45855.0	73721.0	191933.0	910225.0	493540.0
	11.0	12.0	13.0	14.0	15.0	16.0	17.0	18.0	19.0	20.0	21.0	22.0	23.0	24.0	25.0	26.0	27.0	28.0	29.0	30.0	31.0	32.0	33.0	34.0	35.0	36.0	37.0
G1-T007F_S106_L099_R1_cmb	2.0	5.0	2.0	2.0	6.0	21.0	40.0	60.0	83.0	140.0	286.0	515.0	981.0	1772.0	3261.0	5154.0	8381.0	12272.0	17917.0	24075.0	32446.0	42531.0	62007.0	100772.0	267566.0	1242396.0	626819.0
	11.0	12.0	13.0	14.0	15.0	16.0	17.0	18.0	19.0	20.0	21.0	22.0	23.0	24.0	25.0	26.0	27.0	28.0	29.0	30.0	31.0	32.0	33.0	34.0	35.0	36.0	37.0
G1-T037F_S202_L099_R1_cmb	1.0	3.0	3.0	6.0	17.0	22.0	44.0	67.0	117.0	179.0	286.0	490.0	907.0	1622.0	2821.0	4707.0	7497.0	11210.0	16437.0	22237.0	30385.0	40759.0	58985.0	95504.0	250395.0	1105434.0	623306.0
	11.0	12.0	13.0	14.0	15.0	16.0	17.0	18.0	19.0	20.0	21.0	22.0	23.0	24.0	25.0	26.0	27.0	28.0	29.0	30.0	31.0	32.0	33.0	34.0	35.0	36.0	37.0
G10-T025F_S178_L099_R1_cmb	6.0	2.0	2.0	7.0	12.0	33.0	53.0	83.0	136.0	204.0	335.0	580.0	995.0	1675.0	2920.0	4654.0	7749.0	11417.0	16887.0	23735.0	33081.0	44883.0	65127.0	107283.0	283896.0	1292904.0	712785.0
	11.0	12.0	13.0	14.0	15.0	16.0	17.0	18.0	19.0	20.0	21.0	22.0	23.0	24.0	25.0	26.0	27.0	28.0	29.0	30.0	31.0	32.0	33.0	34.0	35.0	36.0	37.0
G11-T017G_S186_L099_R1_cmb	12.0	9.0	5.0	35.0	39.0	62.0	110.0	130.0	168.0	231.0	401.0	543.0	984.0	1544.0	2882.0	4647.0	7574.0	11409.0	16846.0	23559.0	33303.0	45339.0	66812.0	109079.0	289867.0	1343375.0	728585.0
	11.0	12.0	13.0	14.0	15.0	16.0	17.0	18.0	19.0	20.0	21.0	22.0	23.0	24.0	25.0	26.0	27.0	28.0	29.0	30.0	31.0	32.0	33.0	34.0	35.0	36.0	37.0
G12-T119G_S194_L099_R1_cmb	9.0	6.0	6.0	12.0	41.0	68.0	126.0	185.0	241.0	311.0	446.0	698.0	1121.0	1981.0	3220.0	5486.0	8692.0	13287.0	19973.0	27545.0	38536.0	51678.0	75602.0	123224.0	321758.0	1470224.0	815501.0
	11.0	12.0	13.0	14.0	15.0	16.0	17.0	18.0	19.0	20.0	21.0	22.0	23.0	24.0	25.0	26.0	27.0	28.0	29.0	30.0	31.0	32.0	33.0	34.0	35.0	36.0	37.0
G2-T003G_S114_L099_R1_cmb	12.0	9.0	18.0	21.0	35.0	73.0	120.0	137.0	196.0	265.0	347.0	531.0	927.0	1501.0	2551.0	4234.0	7095.0	10807.0	16464.0	23435.0	33305.0	45385.0	67954.0	113440.0	302564.0	1354552.0	722200.0
	11.0	12.0	13.0	14.0	15.0	16.0	17.0	18.0	19.0	20.0	21.0	22.0	23.0	24.0	25.0	26.0	27.0	28.0	29.0	30.0	31.0	32.0	33.0	34.0	35.0	36.0	37.0
G2-T033G_S210_L099_R1_cmb	6.0	9.0	8.0	18.0	35.0	59.0	117.0	146.0	231.0	262.0	422.0	635.0	1035.0	1706.0	2861.0	4646.0	7170.0	10795.0	15767.0	21573.0	30240.0	40685.0	58448.0	94508.0	246420.0	1156370.0	651317.0
	11.0	12.0	13.0	14.0	15.0	16.0	17.0	18.0	19.0	20.0	21.0	22.0	23.0	24.0	25.0	26.0	27.0	28.0	29.0	30.0	31.0	32.0	33.0	34.0	35.0	36.0	37.0
G3-T011G_S122_L099_R1_cmb	7.0	8.0	9.0	10.0	28.0	57.0	93.0	129.0	157.0	246.0	396.0	637.0	1110.0	1996.0	3340.0	5539.0	8732.0	13385.0	19635.0	26590.0	37723.0	50393.0	73905.0	119978.0	314966.0	1459445.0	808715.0
	11.0	12.0	13.0	14.0	15.0	16.0	17.0	18.0	19.0	20.0	21.0	22.0	23.0	24.0	25.0	26.0	27.0	28.0	29.0	30.0	31.0	32.0	33.0	34.0	35.0	36.0	37.0
G3-T041G_S218_L099_R1_cmb	6.0	12.0	12.0	14.0	37.0	57.0	98.0	135.0	209.0	256.0	397.0	601.0	1068.0	1846.0	3240.0	5286.0	8671.0	12942.0	19807.0	27206.0	37834.0	51416.0	75420.0	122950.0	320229.0	1502233.0	783831.0
	11.0	12.0	13.0	14.0	15.0	16.0	17.0	18.0	19.0	20.0	21.0	22.0	23.0	24.0	25.0	26.0	27.0	28.0	29.0	30.0	31.0	32.0	33.0	34.0	35.0	36.0	37.0
G4-T008FX_S226_L099_R1_cmb	5.0	5.0	2.0	6.0	9.0	14.0	28.0	32.0	58.0	100.0	182.0	309.0	585.0	1072.0	1935.0	3266.0	5410.0	8131.0	11897.0	16468.0	23049.0	31025.0	45614.0	74981.0	202878.0	977203.0	557523.0
	11.0	12.0	13.0	14.0	15.0	16.0	17.0	18.0	19.0	20.0	21.0	22.0	23.0	24.0	25.0	26.0	27.0	28.0	29.0	30.0	31.0	32.0	33.0	34.0	35.0	36.0	37.0
G4-T132F_S130_L099_R1_cmb	2.0	2.0	2.0	11.0	13.0	44.0	68.0	84.0	153.0	205.0	349.0	614.0	1126.0	1882.0	3452.0	5409.0	8470.0	12276.0	17955.0	24127.0	32965.0	43814.0	63252.0	102096.0	271207.0	1149904.0	654132.0
	11.0	12.0	13.0	14.0	15.0	16.0	17.0	18.0	19.0	20.0	21.0	22.0	23.0	24.0	25.0	26.0	27.0	28.0	29.0	30.0	31.0	32.0	33.0	34.0	35.0	36.0	37.0
G5-T128G_S138_L099_R1_cmb	7.0	4.0	10.0	15.0	26.0	51.0	89.0	105.0	157.0	240.0	371.0	576.0	1034.0	1770.0	3039.0	5023.0	8292.0	12456.0	18842.0	25950.0	36054.0	48992.0	71424.0	117536.0	309510.0	1472570.0	800600.0
	11.0	12.0	13.0	14.0	15.0	16.0	17.0	18.0	19.0	20.0	21.0	22.0	23.0	24.0	25.0	26.0	27.0	28.0	29.0	30.0	31.0	32.0	33.0	34.0	35.0	36.0	37.0
G6-T136G_S146_L099_R1_cmb	11.0	4.0	18.0	35.0	50.0	88.0	133.0	214.0	245.0	327.0	509.0	692.0	1097.0	1774.0	3011.0	4951.0	7877.0	11920.0	17721.0	24866.0	34379.0	47092.0	67945.0	112482.0	295005.0	1322334.0	693200.0
	11.0	12.0	13.0	14.0	15.0	16.0	17.0	18.0	19.0	20.0	21.0	22.0	23.0	24.0	25.0	26.0	27.0	28.0	29.0	30.0	31.0	32.0	33.0	34.0	35.0	36.0	37.0
G7-T057F_S154_L099_R1_cmb	2.0	4.0	10.0	12.0	31.0	52.0	81.0	148.0	164.0	260.0	413.0	698.0	1263.0	2104.0	3780.0	6172.0	9949.0	14528.0	21568.0	29833.0	41067.0	54860.0	80012.0	130072.0	351992.0	1586441.0	952144.0
	14.0	15.0	16.0	17.0	18.0	19.0	20.0	21.0	22.0	23.0	24.0	25.0	26.0	27.0	28.0	29.0	30.0	31.0	32.0	33.0	34.0	35.0	36.0	37.0
G8-T051G_S162_L099_R1_cmb	4.0	8.0	6.0	15.0	32.0	43.0	93.0	202.0	388.0	820.0	1492.0	2565.0	3996.0	5956.0	8086.0	10296.0	12472.0	15471.0	18267.0	23580.0	35882.0	91036.0	387988.0	157282.0
	11.0	12.0	13.0	14.0	15.0	16.0	17.0	18.0	19.0	20.0	21.0	22.0	23.0	24.0	25.0	26.0	27.0	28.0	29.0	30.0	31.0	32.0	33.0	34.0	35.0	36.0	37.0
G9-T112G_S170_L099_R1_cmb	14.0	10.0	18.0	32.0	62.0	122.0	182.0	259.0	335.0	483.0	689.0	997.0	1612.0	2673.0	4263.0	6689.0	10691.0	15639.0	23434.0	32114.0	44502.0	59644.0	86368.0	140654.0	362883.0	1670675.0	932105.0
	11.0	12.0	13.0	14.0	15.0	16.0	17.0	18.0	19.0	20.0	21.0	22.0	23.0	24.0	25.0	26.0	27.0	28.0	29.0	30.0	31.0	32.0	33.0	34.0	35.0	36.0	37.0
H1-T008F_S107_L099_R1_cmb	6.0	3.0	7.0	13.0	16.0	35.0	51.0	81.0	166.0	235.0	365.0	676.0	1221.0	2131.0	3639.0	5928.0	9575.0	14113.0	20276.0	27316.0	36736.0	48937.0	71326.0	116359.0	313389.0	1386354.0	712661.0
	11.0	12.0	13.0	14.0	15.0	16.0	17.0	18.0	19.0	20.0	21.0	22.0	23.0	24.0	25.0	26.0	27.0	28.0	29.0	30.0	31.0	32.0	33.0	34.0	35.0	36.0	37.0
H1-T038F_S203_L099_R1_cmb	1.0	4.0	3.0	4.0	12.0	38.0	47.0	77.0	153.0	218.0	335.0	569.0	1050.0	1736.0	3140.0	4850.0	7810.0	11609.0	16853.0	23102.0	31559.0	42884.0	61970.0	100354.0	264984.0	1193079.0	643398.0
	11.0	12.0	13.0	14.0	15.0	16.0	17.0	18.0	19.0	20.0	21.0	22.0	23.0	24.0	25.0	26.0	27.0	28.0	29.0	30.0	31.0	32.0	33.0	34.0	35.0	36.0	37.0
H10-T026F_S179_L099_R1_cmb	1.0	4.0	3.0	11.0	13.0	32.0	75.0	101.0	141.0	208.0	377.0	615.0	1095.0	2022.0	3265.0	5246.0	8285.0	12483.0	18066.0	24659.0	33917.0	45677.0	66076.0	109350.0	293066.0	1215047.0	710028.0
	11.0	12.0	13.0	14.0	15.0	16.0	17.0	18.0	19.0	20.0	21.0	22.0	23.0	24.0	25.0	26.0	27.0	28.0	29.0	30.0	31.0	32.0	33.0	34.0	35.0	36.0	37.0
H11-T019G_S187_L099_R1_cmb	9.0	6.0	8.0	27.0	48.0	79.0	122.0	157.0	220.0	315.0	458.0	672.0	1149.0	1852.0	3023.0	4967.0	7963.0	12021.0	17874.0	25093.0	35252.0	47458.0	69691.0	114904.0	302355.0	1396965.0	745463.0
	12.0	13.0	14.0	15.0	16.0	17.0	18.0	19.0	20.0	21.0	22.0	23.0	24.0	25.0	26.0	27.0	28.0	29.0	30.0	31.0	32.0	33.0	34.0	35.0	36.0	37.0
H12-T029F_S195_L099_R1_cmb	5.0	2.0	5.0	8.0	13.0	19.0	57.0	85.0	112.0	223.0	416.0	810.0	1528.0	2648.0	4462.0	7524.0	11541.0	17258.0	24115.0	34402.0	46856.0	68706.0	115256.0	313175.0	1358033.0	669878.0
	11.0	12.0	13.0	14.0	15.0	16.0	17.0	18.0	19.0	20.0	21.0	22.0	23.0	24.0	25.0	26.0	27.0	28.0	29.0	30.0	31.0	32.0	33.0	34.0	35.0	36.0	37.0
H2-T004G_S115_L099_R1_cmb	4.0	3.0	6.0	5.0	12.0	29.0	45.0	62.0	114.0	171.0	277.0	466.0	918.0	1579.0	2766.0	4509.0	7179.0	10860.0	16107.0	21971.0	30825.0	41901.0	61056.0	101022.0	266185.0	1222708.0	663349.0
	11.0	12.0	13.0	14.0	15.0	16.0	17.0	18.0	19.0	20.0	21.0	22.0	23.0	24.0	25.0	26.0	27.0	28.0	29.0	30.0	31.0	32.0	33.0	34.0	35.0	36.0	37.0
H2-T034G_S211_L099_R1_cmb	8.0	8.0	13.0	36.0	49.0	121.0	183.0	242.0	375.0	455.0	657.0	1035.0	1644.0	2634.0	4256.0	6124.0	9789.0	14350.0	20668.0	28375.0	39168.0	52397.0	76683.0	123610.0	323651.0	1461930.0	788520.0
	11.0	12.0	13.0	14.0	15.0	16.0	17.0	18.0	19.0	20.0	21.0	22.0	23.0	24.0	25.0	26.0	27.0	28.0	29.0	30.0	31.0	32.0	33.0	34.0	35.0	36.0	37.0
H3-T001FX_S219_L099_R1_cmb	4.0	1.0	0.0	2.0	11.0	16.0	27.0	40.0	72.0	109.0	263.0	540.0	988.0	1840.0	3217.0	5261.0	8193.0	12023.0	17653.0	23106.0	32055.0	42092.0	60595.0	98466.0	257868.0	1191806.0	610682.0
	11.0	12.0	13.0	14.0	15.0	16.0	17.0	18.0	19.0	20.0	21.0	22.0	23.0	24.0	25.0	26.0	27.0	28.0	29.0	30.0	31.0	32.0	33.0	34.0	35.0	36.0	37.0
H3-T012G_S123_L099_R1_cmb	4.0	4.0	6.0	11.0	24.0	28.0	39.0	75.0	113.0	168.0	277.0	493.0	898.0	1632.0	2829.0	4592.0	7587.0	11227.0	16726.0	23495.0	32722.0	44089.0	65576.0	107968.0	286388.0	1302235.0	702310.0
	11.0	12.0	13.0	14.0	15.0	16.0	17.0	18.0	19.0	20.0	21.0	22.0	23.0	24.0	25.0	26.0	27.0	28.0	29.0	30.0	31.0	32.0	33.0	34.0	35.0	36.0	37.0
H4-T009FX_S227_L099_R1_cmb	2.0	3.0	3.0	4.0	12.0	17.0	26.0	42.0	64.0	130.0	247.0	425.0	909.0	1545.0	2657.0	4462.0	7011.0	10413.0	15334.0	21109.0	29134.0	39084.0	56614.0	92926.0	246520.0	1155537.0	684659.0
	11.0	12.0	13.0	14.0	15.0	16.0	17.0	18.0	19.0	20.0	21.0	22.0	23.0	24.0	25.0	26.0	27.0	28.0	29.0	30.0	31.0	32.0	33.0	34.0	35.0	36.0	37.0
H4-T133F_S131_L099_R1_cmb	2.0	2.0	8.0	6.0	10.0	34.0	60.0	64.0	108.0	172.0	267.0	472.0	765.0	1379.0	2546.0	4182.0	6557.0	10172.0	15357.0	21136.0	29765.0	40241.0	59398.0	96062.0	255377.0	1144639.0	650516.0
	11.0	12.0	13.0	14.0	15.0	16.0	17.0	18.0	19.0	20.0	21.0	22.0	23.0	24.0	25.0	26.0	27.0	28.0	29.0	30.0	31.0	32.0	33.0	34.0	35.0	36.0	37.0
H5-T129G_S139_L099_R1_cmb	13.0	19.0	16.0	19.0	56.0	127.0	201.0	243.0	403.0	486.0	672.0	1070.0	1511.0	2577.0	4211.0	6495.0	9997.0	14929.0	21377.0	29835.0	41171.0	54187.0	78855.0	127783.0	330892.0	1506664.0	834049.0
	11.0	12.0	13.0	14.0	15.0	16.0	17.0	18.0	19.0	20.0	21.0	22.0	23.0	24.0	25.0	26.0	27.0	28.0	29.0	30.0	31.0	32.0	33.0	34.0	35.0	36.0	37.0
H6-T137G_S147_L099_R1_cmb	15.0	8.0	15.0	24.0	56.0	128.0	185.0	221.0	370.0	474.0	681.0	961.0	1472.0	2147.0	3588.0	5845.0	9396.0	14193.0	21425.0	29445.0	41844.0	56314.0	81834.0	135297.0	353579.0	1628831.0	916795.0
	11.0	12.0	13.0	14.0	15.0	16.0	17.0	18.0	19.0	20.0	21.0	22.0	23.0	24.0	25.0	26.0	27.0	28.0	29.0	30.0	31.0	32.0	33.0	34.0	35.0	36.0	37.0
H7-T058F_S155_L099_R1_cmb	14.0	5.0	12.0	28.0	45.0	84.0	141.0	231.0	329.0	439.0	656.0	929.0	1477.0	2594.0	4275.0	6685.0	10686.0	15730.0	22624.0	31253.0	42922.0	56270.0	81898.0	133278.0	348289.0	1554889.0	925734.0
	11.0	12.0	13.0	14.0	15.0	16.0	17.0	18.0	19.0	20.0	21.0	22.0	23.0	24.0	25.0	26.0	27.0	28.0	29.0	30.0	31.0	32.0	33.0	34.0	35.0	36.0	37.0
H8-T052G_S163_L099_R1_cmb	14.0	10.0	17.0	35.0	57.0	96.0	153.0	272.0	331.0	395.0	554.0	788.0	1138.0	1860.0	3051.0	4969.0	7710.0	11581.0	17211.0	23589.0	32747.0	43942.0	64297.0	105557.0	278806.0	1270987.0	676944.0
	11.0	12.0	13.0	14.0	15.0	16.0	17.0	18.0	19.0	20.0	21.0	22.0	23.0	24.0	25.0	26.0	27.0	28.0	29.0	30.0	31.0	32.0	33.0	34.0	35.0	36.0	37.0
H9-T014F_S171_L099_R1_cmb	2.0	2.0	5.0	7.0	15.0	24.0	38.0	64.0	128.0	169.0	273.0	528.0	856.0	1540.0	2783.0	4482.0	7123.0	10505.0	15833.0	21373.0	29739.0	39824.0	59171.0	98844.0	271444.0	1136903.0	646218.0

