Sample	total_reads	unpaired_total	unpaired_aligned_none	unpaired_aligned_one	unpaired_aligned_multi	overall_alignment_rate
A1-T001F_S100_hisat	2491722	2491722	694669	1349621	447432	72.12
A1-T030F_S196_hisat	2634487	2634487	842434	1322000	470053	68.02
A10-T015F_S172_hisat	2913943	2913943	853251	1528740	531952	70.72
A11-T027F_S180_hisat	2746166	2746166	826098	1390820	529248	69.92
A12-T021G_S188_hisat	3017351	3017351	1082064	1417621	517666	64.14
A2-T009F_S108_hisat	2334877	2334877	617061	1258364	459452	73.57
A2-T039F_S204_hisat	3231793	3231793	1045634	1592589	593570	67.65
A3-T005G_S116_hisat	3450293	3450293	1308690	1588821	552782	62.07
A3-T035G_S212_hisat	2477128	2477128	872650	1142723	461755	64.77
A4-T002FX_S220_hisat	2237114	2237114	631927	1225838	379349	71.75
A4-T126F_S124_hisat	2133417	2133417	641062	992385	499970	69.95
A5-T010FX_S228_hisat	2184749	2184749	617096	1239794	327859	71.75
A5-T134F_S132_hisat	2998297	2998297	926584	1584640	487073	69.1
A6-T130G_S140_hisat	3031410	3031410	1127926	1332242	571242	62.79
A7-T046F_S148_hisat	2837368	2837368	928431	1475597	433340	67.28
A8-T110F_S156_hisat	2848403	2848403	878100	1469724	500579	69.17
A9-T055G_S164_hisat	2966883	2966883	1092305	1339298	535280	63.18
B1-T002F_S101_hisat	2643938	2643938	741394	1389390	513154	71.96
B1-T031F_S197_hisat	2712584	2712584	839630	1394513	478441	69.05
B10-T016F_S173_hisat	2233936	2233936	709552	1109818	414566	68.24
B11-T118F_S181_hisat	2098827	2098827	606913	1143291	348623	71.08
B12-T023G_S189_hisat	2784718	2784718	1000795	1270302	513621	64.06
B2-T010F_S109_hisat	2589592	2589592	716301	1398388	474903	72.34
B2-T040F_S205_hisat	3521988	3521988	1211147	1757003	553838	65.61
B3-T006G_S117_hisat	3261817	3261817	1187698	1478740	595379	63.59
B3-T036G_S213_hisat	2537029	2537029	919353	1181622	436054	63.76
B4-T003FX_S221_hisat	2576893	2576893	752636	1440625	383632	70.79
B4-T127F_S125_hisat	3190008	3190008	955502	1644308	590198	70.05
B5-T011FX_S229_hisat	2283972	2283972	682551	1243759	357662	70.12
B5-T135F_S133_hisat	3128098	3128098	1008797	1534384	584917	67.75
B6-T131G_S141_hisat	3732306	3732306	1374537	1671770	685999	63.17
B7-T049F_S149_hisat	2928653	2928653	961246	1513908	453499	67.18
B8-T111F_S157_hisat	2957055	2957055	914345	1513276	529434	69.08
B9-T056G_S165_hisat	3070047	3070047	1128327	1401357	540363	63.25
C1-T003F_S102_hisat	2265218	2265218	616148	1197333	451737	72.8
C1-T033F_S198_hisat	2944722	2944722	937099	1480792	526831	68.18
C10-T017F_S174_hisat	2395245	2395245	766664	1131998	496583	67.99
C11-T119F_S182_hisat	2498350	2498350	730862	1351706	415782	70.75
C12-T025G_S190_hisat	2609476	2609476	1023210	1127420	458846	60.79
C2-T011F_S110_hisat	2016694	2016694	569867	1093172	353655	71.74
C2-T041F_S206_hisat	2984946	2984946	946334	1515541	523071	68.3
C3-T007G_S118_hisat	2554676	2554676	851757	1307209	395710	66.66
C3-T037G_S214_hisat	2536524	2536524	929469	1189979	417076	63.36
C4-T004FX_S222_hisat	2974527	2974527	871586	1702272	400669	70.7
C4-T128F_S126_hisat	2754576	2754576	842636	1465964	445976	69.41
C5-T012FX_S230_hisat	2657393	2657393	792597	1486729	378067	70.17
C5-T136F_S134_hisat	2960647	2960647	924853	1521956	513838	68.76
C6-T132G_S142_hisat	2394378	2394378	857639	1093525	443214	64.18
C7-T051F_S150_hisat	942703	942703	197950	235807	508946	79.0
C8-T112F_S158_hisat	2555706	2555706	773462	1349009	433235	69.74
C9-T057G_S166_hisat	3277036	3277036	1148703	1536970	591363	64.95
D1-T004F_S103_hisat	2292623	2292623	633452	1265987	393184	72.37
D1-T034F_S199_hisat	2565124	2565124	742592	1343878	478654	71.05
D10-T019F_S175_hisat	2805876	2805876	854363	1436028	515485	69.55
D11-T014G_S183_hisat	2970183	2970183	1045433	1349886	574864	64.8
D12-T026G_S191_hisat	3150671	3150671	1147586	1435512	567573	63.58
D2-T012F_S111_hisat	2869934	2869934	838281	1564814	466839	70.79
D2-T029G_S207_hisat	3000232	3000232	1126199	1278617	595416	62.46
D3-T008G_S119_hisat	3864481	3864481	1310287	1914709	639485	66.09
D3-T038G_S215_hisat	3203667	3203667	1181779	1477377	544511	63.11
D4-T005FX_S223_hisat	2620366	2620366	765856	1470478	384032	70.77
D4-T129F_S127_hisat	3141474	3141474	962550	1645431	533493	69.36
D5-T137F_S135_hisat	2728794	2728794	858770	1356947	513077	68.53
D6-T133G_S143_hisat	3641719	3641719	1296059	1703152	642508	64.41
D7-T052F_S151_hisat	3130800	3130800	1006044	1647809	476947	67.87
D8-T046G_S159_hisat	3016761	3016761	1105836	1357298	553627	63.34
D9-T058G_S167_hisat	3503711	3503711	1245915	1637849	619947	64.44
E1-T005F_S104_hisat	1867874	1867874	521771	976902	369201	72.07
E1-T035F_S200_hisat	2572913	2572913	799167	1280717	493029	68.94
E10-T021F_S176_hisat	2702994	2702994	882810	1287942	532242	67.34
E11-T015G_S184_hisat	3045095	3045095	1076197	1365331	603567	64.66
E12-T027G_S192_hisat	2414641	2414641	880734	1046798	487109	63.53
E2-T001G_S112_hisat	2995196	2995196	988968	1455611	550617	66.98
E2-T030G_S208_hisat	3122232	3122232	1178149	1423105	520978	62.27
E3-T009G_S120_hisat	3311354	3311354	1111607	1658838	540909	66.43
E3-T039G_S216_hisat	2299732	2299732	843817	1064383	391532	63.31
E4-T006FX_S224_hisat	2619918	2619918	765706	1419735	434477	70.77
E4-T130F_S128_hisat	2361461	2361461	693499	1154019	513943	70.63
E5-T126G_S136_hisat	2890817	2890817	1068127	1288550	534140	63.05
E6-T134G_S144_hisat	3354229	3354229	1241586	1480176	632467	62.98
E7-T055F_S152_hisat	2996485	2996485	948663	1531536	516286	68.34
E8-T047G_S160_hisat	3300643	3300643	1178668	1471494	650481	64.29
E9-T110G_S168_hisat	2987416	2987416	1090278	1356844	540294	63.5
F1-T006F_S105_hisat	2026164	2026164	522428	1050119	453617	74.22
F1-T036F_S201_hisat	2007405	2007405	608569	992059	406777	69.68
F10-T023F_S177_hisat	2915873	2915873	864124	1560687	491062	70.36
F11-T016G_S185_hisat	2722021	2722021	1039232	1174114	508675	61.82
F12-T118G_S193_hisat	2391055	2391055	833384	1112761	444910	65.15
F2-T002G_S113_hisat	2372615	2372615	778442	1131749	462424	67.19
F2-T031G_S209_hisat	2305673	2305673	841930	1067260	396483	63.48
F3-T010G_S121_hisat	2859207	2859207	969101	1441756	448350	66.11
F3-T040G_S217_hisat	2894518	2894518	1059474	1359407	475637	63.4
F4-T007FX_S225_hisat	2075901	2075901	543793	1143255	388853	73.8
F4-T131F_S129_hisat	3248282	3248282	987054	1731432	529796	69.61
F5-T127G_S137_hisat	2418975	2418975	865376	1105471	448128	64.23
F6-T135G_S145_hisat	2720360	2720360	996961	1256296	467103	63.35
F7-T056F_S153_hisat	2470318	2470318	785380	1247055	437883	68.21
F8-T049G_S161_hisat	2767497	2767497	1022086	1243423	501988	63.07
F9-T111G_S169_hisat	1819737	1819737	660184	816578	342975	63.72
G1-T007F_S106_hisat	2449512	2449512	682552	1335648	431312	72.14
G1-T037F_S202_hisat	2273441	2273441	641017	1188350	444074	71.8
G10-T025F_S178_hisat	2611444	2611444	867429	1278741	465274	66.78
G11-T017G_S186_hisat	2687550	2687550	961442	1222797	503311	64.23
G12-T119G_S194_hisat	2979977	2979977	1058222	1372503	549252	64.49
G2-T003G_S114_hisat	2708178	2708178	929495	1298580	480103	65.68
G2-T033G_S210_hisat	2345489	2345489	905171	1020968	419350	61.41
G3-T011G_S122_hisat	2947229	2947229	1003871	1457712	485646	65.94
G3-T041G_S218_hisat	2975813	2975813	1081796	1375238	518779	63.65
G4-T008FX_S226_hisat	1961787	1961787	585799	1051274	324714	70.14
G4-T132F_S130_hisat	2393614	2393614	699517	1230366	463731	70.78
G5-T128G_S138_hisat	2934743	2934743	1055608	1374225	504910	64.03
G6-T136G_S146_hisat	2647980	2647980	959474	1226004	462502	63.77
G7-T057F_S154_hisat	3287660	3287660	967333	1760535	559792	70.58
G8-T051G_S162_hisat	775980	775980	280694	139532	355754	63.83
G9-T112G_S170_hisat	3397149	3397149	1248673	1538020	610456	63.24
H1-T008F_S107_hisat	2771615	2771615	818187	1473719	479709	70.48
H1-T038F_S203_hisat	2409839	2409839	753777	1261811	394251	68.72
H10-T026F_S179_hisat	2549863	2549863	763423	1260431	526009	70.06
H11-T019G_S187_hisat	2788151	2788151	979397	1306067	502687	64.87
H12-T029F_S195_hisat	2677137	2677137	736979	1441555	498603	72.47
H2-T004G_S115_hisat	2454129	2454129	840672	1199722	413735	65.74
H2-T034G_S211_hisat	2956981	2956981	1102303	1282313	572365	62.72
H3-T001FX_S219_hisat	2366930	2366930	667397	1339904	359629	71.8
H3-T012G_S123_hisat	2611516	2611516	922294	1285087	404135	64.68
H4-T009FX_S227_hisat	2368889	2368889	652893	1302320	413676	72.44
H4-T133F_S131_hisat	2339297	2339297	715217	1174350	449730	69.43
H5-T129G_S139_hisat	3067858	3067858	1155594	1342930	569334	62.33
H6-T137G_S147_hisat	3305143	3305143	1251368	1386692	667083	62.14
H7-T058F_S155_hisat	3241517	3241517	1041463	1559075	640979	67.87
H8-T052G_S163_hisat	2547111	2547111	915307	1187261	444543	64.06
H9-T014F_S171_hisat	2347893	2347893	681534	1158963	507396	70.97
